0.000 1.000 20.000 2.000 0.000 3.000 544.000 110.000 10.000 9.000 0.000 4.000 0.000 1249.000 0.000 0.000 135.000 0.000 16.000 1.000 9.000 1.000 46.000 16.000 0.000 67.000 2.000 36.000 1057.000 395.000 0.000 1.000 9.000 11.000 7.000 1.000 17.000 0.000 0.000 0.000 0.000 0.000 0.000 0.000 0.000 0.000 0.000 0.000 0.000 2.000 0.000 0.000 0.000 0.000 0.000 0.000 1.000 0.000 0.000 0.000 0.000 0.000 1.000 0.000 6.000 0.000 0.000 0.000 0.000 0.000 0.000 0.000 0.000 0.000 0.000 3.000 1.000 0.000 0.000 0.000 0.000 0.000
1.000 0.000 56.000 1.000 0.000 0.000 0.000 1.000 167.000 0.000 36.000 1.000 68.000 0.000 10.000 8.000 114.000 7.000 53.000 0.000 1.000 321.000 20.000 168.000 588.000 210.000 1580.000 7.000 4.000 4.000 20.000 0.000 1.000 25.000 131.000 138.000 147.000 12.000 3.000 0.000 31.000 0.000 82.000 19.000 0.000 0.000 0.000 0.000 0.000 2.000 0.000 10.000 1.000 35.000 0.000 0.000 1.000 15.000 3.000 7.000 0.000 0.000 1.000 5.000 3.000 20.000 44.000 100.000 1.000 0.000 0.000 8.000 0.000 0.000 1.000 14.000 14.000 10.000 3.000 2.000 0.000 4.000
20.000 56.000 0.000 3.000 0.000 137.000 543.000 158.000 16.000 77.000 3.000 1.000 1.000 167.000 0.000 13.000 553.000 4.000 42.000 0.000 117.000 13.000 2372.000 35.000 0.000 2598.000 2394.000 268.000 11.000 122.000 4.000 0.000 1.000 54.000 309.000 320.000 265.000 40.000 20.000 2.000 0.000 0.000 46.000 276.000 0.000 0.000 0.000 0.000 0.000 1.000 0.000 0.000 0.000 0.000 0.000 0.000 7.000 130.000 0.000 9.000 0.000 0.000 9.000 60.000 1.000 0.000 162.000 457.000 0.000 0.000 0.000 0.000 0.000 0.000 5.000 44.000 38.000 67.000 17.000 0.000 1.000 0.000
2.000 1.000 3.000 0.000 1.000 23.000 44.000 44.000 141.000 678.000 0.000 569.000 0.000 30.000 23.000 1.000 1.000 0.000 0.000 3936.000 0.000 1.000 1.000 922.000 0.000 0.000 16.000 1599.000 34.000 7.000 0.000 0.000 6.000 6.000 41.000 0.000 56.000 7.000 22.000 2.000 0.000 0.000 0.000 0.000 42.000 0.000 3.000 3.000 1.000 23.000 2.000 0.000 11.000 0.000 1.000 0.000 1.000 0.000 0.000 0.000 36.000 0.000 1.000 0.000 43.000 0.000 0.000 0.000 28.000 0.000 2.000 0.000 0.000 0.000 0.000 1.000 0.000 1.000 0.000 1.000 0.000 0.000
0.000 0.000 0.000 1.000 0.000 134.000 0.000 12.000 3.000 1.000 0.000 7.000 0.000 1.000 125.000 0.000 0.000 0.000 0.000 3.000 0.000 0.000 0.000 2.000 0.000 0.000 0.000 2.000 0.000 0.000 0.000 88.000 0.000 76.000 3.000 0.000 4.000 0.000 688.000 350.000 0.000 0.000 0.000 0.000 0.000 0.000 0.000 0.000 0.000 0.000 0.000 0.000 0.000 0.000 0.000 0.000 0.000 0.000 0.000 0.000 0.000 0.000 0.000 0.000 0.000 0.000 0.000 0.000 0.000 0.000 0.000 0.000 0.000 0.000 0.000 0.000 0.000 0.000 0.000 0.000 0.000 0.000
3.000 0.000 137.000 23.000 134.000 0.000 274.000 1729.000 134.000 1502.000 3.000 1798.000 0.000 75.000 130.000 0.000 2.000 0.000 0.000 46.000 3.000 0.000 35.000 40.000 0.000 35.000 2.000 130.000 24.000 3.000 0.000 188.000 0.000 120.000 27.000 6.000 51.000 3.000 388.000 238.000 1.000 0.000 0.000 0.000 3.000 0.000 0.000 1.000 0.000 44.000 0.000 0.000 12.000 0.000 0.000 0.000 0.000 0.000 0.000 0.000 6.000 0.000 0.000 0.000 58.000 0.000 0.000 0.000 20.000 0.000 0.000 0.000 0.000 0.000 0.000 0.000 0.000 0.000 0.000 5.000 0.000 0.000
544.000 0.000 543.000 44.000 0.000 274.000 0.000 400.000 45.000 1805.000 1.000 46.000 1.000 1036.000 4.000 7.000 63.000 0.000 0.000 10.000 56.000 3.000 341.000 76.000 0.000 234.000 122.000 4115.000 84.000 1377.000 0.000 1.000 7.000 16.000 117.000 23.000 149.000 6.000 24.000 5.000 0.000 0.000 0.000 0.000 1.000 0.000 0.000 2.000 0.000 17.000 0.000 0.000 8.000 0.000 0.000 0.000 0.000 0.000 0.000 0.000 5.000 0.000 0.000 0.000 46.000 0.000 0.000 0.000 19.000 0.000 0.000 0.000 0.000 0.000 0.000 6.000 3.000 2.000 0.000 0.000 0.000 0.000
110.000 1.000 158.000 44.000 12.000 1729.000 400.000 0.000 53.000 621.000 2.000 190.000 3.000 1738.000 5.000 0.000 123.000 0.000 5.000 55.000 10.000 0.000 94.000 49.000 0.000 156.000 2.000 137.000 70.000 79.000 0.000 91.000 3.000 32.000 18.000 6.000 48.000 1.000 68.000 23.000 0.000 0.000 0.000 0.000 0.000 0.000 0.000 0.000 0.000 12.000 0.000 0.000 0.000 0.000 0.000 0.000 0.000 0.000 0.000 0.000 0.000 0.000 1.000 0.000 2.000 1.000 0.000 0.000 0.000 0.000 0.000 0.000 0.000 0.000 0.000 0.000 2.000 0.000 0.000 0.000 0.000 0.000
10.000 167.000 16.000 141.000 3.000 134.000 45.000 53.000 0.000 149.000 4.000 546.000 8.000 45.000 245.000 3.000 9.000 0.000 1.000 158.000 2.000 300.000 1.000 1472.000 52.000 14.000 251.000 132.000 76.000 82.000 0.000 1.000 19.000 23.000 118.000 9.000 138.000 9.000 286.000 12.000 0.000 2.000 4.000 0.000 39.000 1.000 22.000 15.000 5.000 64.000 36.000 0.000 59.000 0.000 25.000 2.000 5.000 0.000 0.000 0.000 44.000 2.000 7.000 1.000 83.000 0.000 0.000 3.000 67.000 29.000 13.000 0.000 1.000 5.000 28.000 42.000 6.000 53.000 3.000 22.000 8.000 0.000
9.000 0.000 77.000 678.000 1.000 1502.000 1805.000 621.000 149.000 0.000 2.000 1499.000 0.000 496.000 20.000 2.000 0.000 0.000 0.000 1349.000 4.000 0.000 31.000 92.000 0.000 33.000 10.000 1410.000 128.000 5.000 0.000 1.000 8.000 58.000 187.000 13.000 303.000 14.000 42.000 9.000 0.000 0.000 0.000 0.000 3.000 0.000 0.000 1.000 0.000 59.000 0.000 0.000 28.000 0.000 0.000 0.000 0.000 0.000 0.000 0.000 10.000 0.000 0.000 0.000 82.000 0.000 0.000 0.000 8.000 0.000 0.000 0.000 0.000 0.000 0.000 1.000 0.000 0.000 0.000 7.000 0.000 0.000
0.000 36.000 3.000 0.000 0.000 3.000 1.000 2.000 4.000 2.000 0.000 2.000 2244.000 14.000 0.000 0.000 56.000 1164.000 738.000 2.000 4.000 15.000 6.000 1.000 115.000 1119.000 354.000 0.000 15.000 3.000 267.000 5.000 1.000 622.000 21.000 365.000 795.000 13.000 4.000 3.000 167.000 0.000 8.000 0.000 0.000 0.000 0.000 0.000 0.000 0.000 0.000 51.000 0.000 136.000 0.000 0.000 0.000 1.000 8.000 5.000 0.000 0.000 1.000 0.000 0.000 33.000 35.000 49.000 0.000 1.000 0.000 30.000 0.000 0.000 0.000 2.000 32.000 5.000 0.000 0.000 0.000 1.000
4.000 1.000 1.000 569.000 7.000 1798.000 46.000 190.000 546.000 1499.000 2.000 0.000 1.000 116.000 161.000 0.000 0.000 0.000 0.000 2093.000 0.000 0.000 3.000 380.000 0.000 0.000 1.000 210.000 53.000 3.000 0.000 6.000 2.000 41.000 128.000 0.000 213.000 2.000 156.000 20.000 0.000 0.000 0.000 0.000 41.000 0.000 12.000 3.000 0.000 31.000 20.000 0.000 42.000 0.000 0.000 1.000 0.000 0.000 0.000 0.000 38.000 0.000 1.000 0.000 39.000 0.000 0.000 0.000 46.000 0.000 0.000 0.000 0.000 0.000 0.000 0.000 0.000 2.000 0.000 9.000 0.000 0.000
0.000 68.000 1.000 0.000 0.000 0.000 1.000 3.000 8.000 0.000 2244.000 1.000 0.000 5.000 0.000 0.000 2.000 12.000 3.000 0.000 0.000 24.000 0.000 4.000 907.000 477.000 675.000 1.000 4.000 0.000 552.000 0.000 0.000 60.000 37.000 177.000 475.000 73.000 11.000 100.000 389.000 0.000 19.000 0.000 0.000 0.000 0.000 0.000 0.000 0.000 0.000 74.000 0.000 210.000 0.000 0.000 0.000 1.000 10.000 2.000 0.000 0.000 4.000 0.000 0.000 65.000 62.000 57.000 0.000 0.000 0.000 26.000 0.000 0.000 4.000 21.000 77.000 6.000 1.000 1.000 3.000 16.000
1249.000 0.000 167.000 30.000 1.000 75.000 1036.000 1738.000 45.000 496.000 14.000 116.000 5.000 0.000 6.000 0.000 214.000 0.000 2.000 41.000 14.000 1.000 157.000 47.000 0.000 137.000 5.000 133.000 1552.000 296.000 0.000 101.000 7.000 140.000 54.000 6.000 115.000 5.000 58.000 31.000 0.000 0.000 0.000 0.000 0.000 0.000 0.000 0.000 0.000 10.000 0.000 0.000 0.000 0.000 0.000 0.000 0.000 0.000 0.000 0.000 0.000 0.000 3.000 0.000 3.000 0.000 0.000 0.000 0.000 0.000 0.000 0.000 0.000 0.000 0.000 0.000 1.000 0.000 0.000 0.000 0.000 0.000
0.000 10.000 0.000 23.000 125.000 130.000 4.000 5.000 245.000 20.000 0.000 161.000 0.000 6.000 0.000 0.000 0.000 0.000 0.000 29.000 4.000 8.000 1.000 62.000 0.000 0.000 4.000 45.000 6.000 5.000 0.000 1.000 4.000 3.000 12.000 0.000 16.000 4.000 1736.000 6.000 0.000 0.000 0.000 0.000 4.000 0.000 0.000 0.000 0.000 7.000 1.000 0.000 4.000 0.000 0.000 1.000 0.000 0.000 0.000 0.000 8.000 0.000 0.000 0.000 2.000 0.000 0.000 0.000 1.000 0.000 0.000 0.000 0.000 0.000 0.000 0.000 1.000 0.000 0.000 2.000 0.000 0.000
0.000 8.000 13.000 1.000 0.000 0.000 7.000 0.000 3.000 2.000 0.000 0.000 0.000 0.000 0.000 0.000 15.000 0.000 1.000 0.000 544.000 451.000 1397.000 341.000 0.000 18.000 901.000 162.000 1.000 34.000 0.000 0.000 0.000 3.000 269.000 98.000 70.000 36.000 45.000 0.000 0.000 0.000 3.000 8.000 0.000 0.000 0.000 0.000 0.000 0.000 0.000 0.000 0.000 0.000 0.000 0.000 352.000 2.000 0.000 0.000 0.000 97.000 83.000 282.000 19.000 0.000 0.000 55.000 10.000 0.000 38.000 0.000 0.000 1.000 5.000 56.000 26.000 31.000 25.000 2.000 0.000 0.000
135.000 114.000 553.000 1.000 0.000 2.000 63.000 123.000 9.000 0.000 56.000 0.000 2.000 214.000 0.000 15.000 0.000 75.000 1313.000 0.000 84.000 13.000 1175.000 19.000 6.000 903.000 713.000 44.000 229.000 455.000 5.000 0.000 33.000 424.000 121.000 189.000 274.000 15.000 2.000 2.000 0.000 0.000 45.000 71.000 0.000 0.000 0.000 0.000 0.000 0.000 0.000 0.000 0.000 0.000 0.000 0.000 1.000 60.000 1.000 9.000 0.000 0.000 4.000 3.000 0.000 2.000 156.000 186.000 0.000 0.000 0.000 0.000 0.000 0.000 6.000 18.000 24.000 33.000 9.000 0.000 0.000 0.000
0.000 7.000 4.000 0.000 0.000 0.000 0.000 0.000 0.000 0.000 1164.000 0.000 12.000 0.000 0.000 0.000 75.000 0.000 906.000 0.000 1.000 3.000 10.000 0.000 52.000 858.000 116.000 0.000 9.000 5.000 7.000 0.000 0.000 66.000 22.000 113.000 132.000 7.000 0.000 0.000 0.000 0.000 3.000 0.000 0.000 0.000 0.000 0.000 0.000 0.000 0.000 12.000 0.000 34.000 0.000 0.000 0.000 0.000 14.000 4.000 0.000 0.000 0.000 0.000 0.000 26.000 55.000 56.000 0.000 0.000 0.000 16.000 0.000 0.000 0.000 1.000 11.000 8.000 2.000 0.000 0.000 0.000
16.000 53.000 42.000 0.000 0.000 0.000 0.000 5.000 1.000 0.000 738.000 0.000 3.000 2.000 0.000 1.000 1313.000 906.000 0.000 0.000 19.000 5.000 56.000 0.000 38.000 1227.000 463.000 2.000 84.000 66.000 5.000 1.000 20.000 401.000 74.000 121.000 274.000 21.000 3.000 1.000 0.000 0.000 15.000 0.000 0.000 0.000 0.000 0.000 0.000 0.000 0.000 4.000 0.000 9.000 0.000 0.000 0.000 13.000 9.000 31.000 0.000 0.000 0.000 0.000 0.000 25.000 147.000 144.000 0.000 0.000 0.000 11.000 0.000 0.000 2.000 4.000 20.000 22.000 1.000 0.000 0.000 0.000
1.000 0.000 0.000 3936.000 3.000 46.000 10.000 55.000 158.000 1349.000 2.000 2093.000 0.000 41.000 29.000 0.000 0.000 0.000 0.000 0.000 0.000 1.000 2.000 463.000 0.000 0.000 2.000 357.000 52.000 0.000 0.000 2.000 0.000 33.000 97.000 0.000 117.000 5.000 20.000 5.000 0.000 0.000 0.000 0.000 31.000 0.000 6.000 2.000 0.000 35.000 3.000 0.000 41.000 0.000 0.000 3.000 0.000 0.000 0.000 0.000 43.000 0.000 0.000 0.000 99.000 0.000 0.000 0.000 44.000 0.000 0.000 0.000 0.000 0.000 0.000 3.000 1.000 2.000 0.000 11.000 0.000 0.000
9.000 1.000 117.000 0.000 0.000 3.000 56.000 10.000 2.000 4.000 4.000 0.000 0.000 14.000 4.000 544.000 84.000 1.000 19.000 0.000 0.000 10.000 3833.000 48.000 0.000 22.000 70.000 1007.000 22.000 1506.000 0.000 0.000 23.000 396.000 872.000 141.000 623.000 132.000 141.000 5.000 0.000 0.000 0.000 0.000 0.000 0.000 0.000 0.000 0.000 0.000 0.000 0.000 0.000 0.000 0.000 0.000 78.000 0.000 0.000 0.000 0.000 42.000 13.000 47.000 17.000 0.000 0.000 7.000 12.000 1.000 38.000 0.000 0.000 1.000 4.000 32.000 13.000 12.000 4.000 0.000 1.000 0.000
1.000 321.000 13.000 1.000 0.000 0.000 3.000 0.000 300.000 0.000 15.000 0.000 24.000 1.000 8.000 451.000 13.000 3.000 5.000 1.000 10.000 0.000 92.000 836.000 90.000 23.000 647.000 39.000 5.000 26.000 5.000 0.000 2.000 11.000 100.000 52.000 57.000 12.000 14.000 1.000 2.000 0.000 4.000 5.000 0.000 0.000 0.000 2.000 1.000 0.000 0.000 3.000 0.000 8.000 0.000 0.000 105.000 2.000 1.000 1.000 0.000 32.000 57.000 68.000 9.000 2.000 0.000 48.000 8.000 2.000 17.000 0.000 0.000 1.000 1.000 20.000 10.000 14.000 5.000 3.000 0.000 0.000
46.000 20.000 2372.000 1.000 0.000 35.000 341.000 94.000 1.000 31.000 6.000 3.000 0.000 157.000 1.000 1397.000 1175.000 10.000 56.000 2.000 3833.000 92.000 0.000 78.000 0.000 206.000 1381.000 623.000 54.000 625.000 0.000 0.000 8.000 394.000 1765.000 711.000 1115.000 299.000 339.000 5.000 0.000 0.000 7.000 95.000 0.000 0.000 0.000 0.000 0.000 0.000 0.000 0.000 0.000 0.000 0.000 0.000 300.000 24.000 0.000 0.000 0.000 34.000 37.000 489.000 1.000 0.000 21.000 405.000 2.000 0.000 3.000 0.000 0.000 0.000 2.000 52.000 26.000 34.000 31.000 5.000 1.000 0.000
16.000 168.000 35.000 922.000 2.000 40.000 76.000 49.000 1472.000 92.000 1.000 380.000 4.000 47.000 62.000 341.000 19.000 0.000 0.000 463.000 48.000 836.000 78.000 0.000 34.000 23.000 648.000 1499.000 108.000 87.000 0.000 0.000 32.000 29.000 201.000 45.000 188.000 22.000 67.000 5.000 0.000 3.000 3.000 3.000 43.000 0.000 22.000 60.000 2.000 23.000 37.000 0.000 25.000 0.000 6.000 0.000 20.000 1.000 0.000 0.000 41.000 29.000 20.000 7.000 251.000 0.000 0.000 8.000 377.000 27.000 58.000 0.000 0.000 10.000 36.000 178.000 21.000 123.000 6.000 75.000 2.000 0.000
0.000 588.000 0.000 0.000 0.000 0.000 0.000 0.000 52.000 0.000 115.000 0.000 907.000 0.000 0.000 0.000 6.000 52.000 38.000 0.000 0.000 90.000 0.000 34.000 0.000 190.000 765.000 0.000 0.000 0.000 16.000 0.000 0.000 19.000 19.000 192.000 98.000 3.000 0.000 0.000 164.000 0.000 9.000 0.000 0.000 0.000 0.000 0.000 0.000 3.000 0.000 37.000 0.000 137.000 0.000 0.000 0.000 1.000 9.000 8.000 0.000 0.000 1.000 0.000 0.000 140.000 71.000 81.000 0.000 0.000 0.000 18.000 0.000 0.000 0.000 0.000 43.000 8.000 2.000 0.000 0.000 13.000
67.000 210.000 2598.000 0.000 0.000 35.000 234.000 156.000 14.000 33.000 1119.000 0.000 477.000 137.000 0.000 18.000 903.000 858.000 1227.000 0.000 22.000 23.000 206.000 23.000 190.000 0.000 4264.000 70.000 75.000 237.000 185.000 0.000 3.000 126.000 244.000 614.000 411.000 37.000 1.000 0.000 6.000 0.000 107.000 56.000 0.000 0.000 0.000 0.000 0.000 0.000 0.000 56.000 0.000 89.000 0.000 0.000 0.000 159.000 63.000 138.000 0.000 0.000 6.000 0.000 0.000 127.000 919.000 866.000 0.000 0.000 0.000 30.000 0.000 0.000 18.000 71.000 111.000 127.000 35.000 0.000 0.000 0.000
2.000 1580.000 2394.000 16.000 0.000 2.000 122.000 2.000 251.000 10.000 354.000 1.000 675.000 5.000 4.000 901.000 713.000 116.000 463.000 2.000 70.000 647.000 1381.000 648.000 765.000 4264.000 0.000 384.000 9.000 45.000 415.000 0.000 14.000 282.000 1196.000 999.000 1111.000 152.000 65.000 10.000 3.000 0.000 230.000 277.000 0.000 0.000 0.000 0.000 0.000 3.000 0.000 54.000 0.000 80.000 0.000 0.000 65.000 171.000 51.000 110.000 0.000 7.000 44.000 349.000 5.000 168.000 773.000 1322.000 1.000 0.000 0.000 38.000 0.000 0.000 27.000 178.000 142.000 156.000 56.000 9.000 1.000 1.000
36.000 7.000 268.000 1599.000 2.000 130.000 4115.000 137.000 132.000 1410.000 0.000 210.000 1.000 133.000 45.000 162.000 44.000 0.000 2.000 357.000 1007.000 39.000 623.000 1499.000 0.000 70.000 384.000 0.000 219.000 1412.000 0.000 0.000 99.000 120.000 578.000 51.000 478.000 63.000 98.000 11.000 0.000 0.000 0.000 0.000 2.000 0.000 2.000 69.000 0.000 51.000 0.000 0.000 34.000 0.000 0.000 1.000 18.000 0.000 0.000 0.000 19.000 41.000 7.000 3.000 343.000 0.000 0.000 3.000 276.000 4.000 41.000 0.000 0.000 3.000 12.000 119.000 29.000 24.000 3.000 32.000 0.000 0.000
1057.000 4.000 11.000 34.000 0.000 24.000 84.000 70.000 76.000 128.000 15.000 53.000 4.000 1552.000 6.000 1.000 229.000 9.000 84.000 52.000 22.000 5.000 54.000 108.000 0.000 75.000 9.000 219.000 0.000 1055.000 0.000 264.000 1245.000 547.000 61.000 8.000 248.000 5.000 46.000 41.000 0.000 0.000 0.000 0.000 0.000 0.000 0.000 0.000 0.000 21.000 0.000 0.000 1.000 0.000 0.000 0.000 1.000 0.000 0.000 0.000 0.000 0.000 2.000 0.000 19.000 0.000 0.000 0.000 4.000 0.000 1.000 0.000 0.000 0.000 0.000 1.000 4.000 0.000 0.000 0.000 0.000 0.000
395.000 4.000 122.000 7.000 0.000 3.000 1377.000 79.000 82.000 5.000 3.000 3.000 0.000 296.000 5.000 34.000 455.000 5.000 66.000 0.000 1506.000 26.000 625.000 87.000 0.000 237.000 45.000 1412.000 1055.000 0.000 0.000 1.000 181.000 549.000 173.000 17.000 324.000 24.000 18.000 2.000 0.000 1.000 2.000 1.000 0.000 0.000 0.000 2.000 0.000 25.000 0.000 0.000 0.000 0.000 0.000 0.000 54.000 0.000 0.000 0.000 0.000 69.000 4.000 4.000 107.000 0.000 0.000 1.000 39.000 1.000 40.000 0.000 0.000 0.000 6.000 53.000 29.000 10.000 3.000 3.000 0.000 0.000
0.000 20.000 4.000 0.000 0.000 0.000 0.000 0.000 0.000 0.000 267.000 0.000 552.000 0.000 0.000 0.000 5.000 7.000 5.000 0.000 0.000 5.000 0.000 0.000 16.000 185.000 415.000 0.000 0.000 0.000 0.000 0.000 0.000 8.000 1.000 19.000 25.000 3.000 0.000 0.000 1.000 0.000 1.000 0.000 0.000 0.000 0.000 0.000 0.000 0.000 0.000 18.000 0.000 20.000 0.000 0.000 0.000 0.000 4.000 2.000 0.000 0.000 0.000 0.000 0.000 12.000 20.000 13.000 0.000 0.000 0.000 9.000 0.000 0.000 0.000 0.000 1.000 2.000 0.000 0.000 0.000 0.000
1.000 0.000 0.000 0.000 88.000 188.000 1.000 91.000 1.000 1.000 5.000 6.000 0.000 101.000 1.000 0.000 0.000 0.000 1.000 2.000 0.000 0.000 0.000 0.000 0.000 0.000 0.000 0.000 264.000 1.000 0.000 0.000 0.000 255.000 1.000 0.000 37.000 4.000 24.000 182.000 0.000 0.000 0.000 0.000 0.000 0.000 0.000 0.000 0.000 0.000 0.000 0.000 0.000 0.000 0.000 0.000 0.000 0.000 0.000 0.000 0.000 0.000 0.000 0.000 0.000 0.000 0.000 0.000 0.000 0.000 0.000 0.000 0.000 0.000 0.000 0.000 0.000 0.000 0.000 0.000 0.000 0.000
9.000 1.000 1.000 6.000 0.000 0.000 7.000 3.000 19.000 8.000 1.000 2.000 0.000 7.000 4.000 0.000 33.000 0.000 20.000 0.000 23.000 2.000 8.000 32.000 0.000 3.000 14.000 99.000 1245.000 181.000 0.000 0.000 0.000 322.000 14.000 1.000 116.000 0.000 2.000 0.000 0.000 0.000 0.000 0.000 0.000 0.000 0.000 0.000 0.000 4.000 0.000 0.000 0.000 0.000 0.000 0.000 0.000 0.000 0.000 0.000 0.000 0.000 1.000 0.000 13.000 0.000 0.000 0.000 3.000 1.000 0.000 0.000 0.000 0.000 0.000 1.000 0.000 1.000 0.000 1.000 0.000 0.000
11.000 25.000 54.000 6.000 76.000 120.000 16.000 32.000 23.000 58.000 622.000 41.000 60.000 140.000 3.000 3.000 424.000 66.000 401.000 33.000 396.000 11.000 394.000 29.000 19.000 126.000 282.000 120.000 547.000 549.000 8.000 255.000 322.000 0.000 54.000 49.000 2835.000 11.000 39.000 123.000 14.000 0.000 4.000 8.000 0.000 0.000 0.000 0.000 0.000 8.000 0.000 0.000 0.000 2.000 0.000 0.000 1.000 8.000 1.000 3.000 0.000 2.000 1.000 3.000 6.000 2.000 22.000 44.000 2.000 0.000 0.000 2.000 0.000 0.000 0.000 3.000 6.000 8.000 2.000 0.000 0.000 1.000
7.000 131.000 309.000 41.000 3.000 27.000 117.000 18.000 118.000 187.000 21.000 128.000 37.000 54.000 12.000 269.000 121.000 22.000 74.000 97.000 872.000 100.000 1765.000 201.000 19.000 244.000 1196.000 578.000 61.000 173.000 1.000 1.000 14.000 54.000 0.000 2154.000 718.000 647.000 834.000 81.000 6.000 0.000 34.000 38.000 0.000 0.000 0.000 7.000 0.000 73.000 0.000 0.000 1.000 0.000 0.000 0.000 118.000 20.000 0.000 4.000 0.000 80.000 31.000 107.000 252.000 12.000 52.000 166.000 118.000 4.000 71.000 0.000 0.000 3.000 8.000 196.000 44.000 51.000 20.000 15.000 1.000 0.000
1.000 138.000 320.000 0.000 0.000 6.000 23.000 6.000 9.000 13.000 365.000 0.000 177.000 6.000 0.000 98.000 189.000 113.000 121.000 0.000 141.000 52.000 711.000 45.000 192.000 614.000 999.000 51.000 8.000 17.000 19.000 0.000 1.000 49.000 2154.000 0.000 3237.000 1218.000 104.000 17.000 67.000 0.000 31.000 25.000 0.000 0.000 0.000 0.000 0.000 0.000 0.000 17.000 0.000 41.000 0.000 0.000 35.000 23.000 10.000 17.000 0.000 16.000 14.000 58.000 10.000 35.000 140.000 197.000 10.000 1.000 7.000 11.000 0.000 0.000 5.000 40.000 29.000 23.000 18.000 0.000 0.000 4.000
17.000 147.000 265.000 56.000 4.000 51.000 149.000 48.000 138.000 303.000 795.000 213.000 475.000 115.000 16.000 70.000 274.000 132.000 274.000 117.000 623.000 57.000 1115.000 188.000 98.000 411.000 1111.000 478.000 248.000 324.000 25.000 37.000 116.000 2835.000 718.000 3237.000 0.000 1558.000 184.000 172.000 282.000 0.000 46.000 38.000 0.000 0.000 0.000 1.000 0.000 65.000 0.000 6.000 2.000 15.000 0.000 0.000 31.000 28.000 8.000 23.000 0.000 8.000 15.000 31.000 82.000 18.000 116.000 224.000 29.000 1.000 10.000 7.000 0.000 1.000 4.000 41.000 26.000 28.000 12.000 3.000 0.000 2.000
0.000 12.000 40.000 7.000 0.000 3.000 6.000 1.000 9.000 14.000 13.000 2.000 73.000 5.000 4.000 36.000 15.000 7.000 21.000 5.000 132.000 12.000 299.000 22.000 3.000 37.000 152.000 63.000 5.000 24.000 3.000 4.000 0.000 11.000 647.000 1218.000 1558.000 0.000 86.000 98.000 26.000 0.000 5.000 3.000 0.000 0.000 0.000 0.000 0.000 4.000 0.000 0.000 0.000 0.000 0.000 0.000 10.000 6.000 0.000 3.000 0.000 1.000 7.000 12.000 7.000 3.000 11.000 32.000 1.000 0.000 0.000 0.000 0.000 0.000 0.000 8.000 6.000 3.000 4.000 2.000 1.000 0.000
0.000 3.000 20.000 22.000 688.000 388.000 24.000 68.000 286.000 42.000 4.000 156.000 11.000 58.000 1736.000 45.000 2.000 0.000 3.000 20.000 141.000 14.000 339.000 67.000 0.000 1.000 65.000 98.000 46.000 18.000 0.000 24.000 2.000 39.000 834.000 104.000 184.000 86.000 0.000 187.000 0.000 0.000 0.000 0.000 8.000 0.000 2.000 0.000 1.000 16.000 0.000 0.000 12.000 1.000 0.000 1.000 18.000 0.000 0.000 0.000 6.000 0.000 3.000 7.000 20.000 0.000 0.000 9.000 4.000 0.000 0.000 0.000 0.000 0.000 0.000 5.000 6.000 1.000 5.000 10.000 6.000 0.000
0.000 0.000 2.000 2.000 350.000 238.000 5.000 23.000 12.000 9.000 3.000 20.000 100.000 31.000 6.000 0.000 2.000 0.000 1.000 5.000 5.000 1.000 5.000 5.000 0.000 0.000 10.000 11.000 41.000 2.000 0.000 182.000 0.000 123.000 81.000 17.000 172.000 98.000 187.000 0.000 9.000 0.000 0.000 0.000 0.000 0.000 0.000 0.000 0.000 7.000 0.000 0.000 0.000 4.000 0.000 0.000 1.000 0.000 0.000 0.000 0.000 0.000 0.000 0.000 0.000 0.000 0.000 2.000 0.000 0.000 0.000 0.000 0.000 0.000 0.000 1.000 0.000 0.000 0.000 4.000 4.000 0.000
0.000 31.000 0.000 0.000 0.000 1.000 0.000 0.000 0.000 0.000 167.000 0.000 389.000 0.000 0.000 0.000 0.000 0.000 0.000 0.000 0.000 2.000 0.000 0.000 164.000 6.000 3.000 0.000 0.000 0.000 1.000 0.000 0.000 14.000 6.000 67.000 282.000 26.000 0.000 9.000 0.000 0.000 2.000 0.000 0.000 0.000 0.000 0.000 0.000 0.000 0.000 1.000 0.000 2.000 0.000 0.000 0.000 0.000 0.000 0.000 0.000 0.000 0.000 0.000 0.000 4.000 2.000 0.000 0.000 0.000 0.000 0.000 0.000 0.000 0.000 0.000 2.000 0.000 0.000 0.000 0.000 5.000
0.000 0.000 0.000 0.000 0.000 0.000 0.000 0.000 2.000 0.000 0.000 0.000 0.000 0.000 0.000 0.000 0.000 0.000 0.000 0.000 0.000 0.000 0.000 3.000 0.000 0.000 0.000 0.000 0.000 1.000 0.000 0.000 0.000 0.000 0.000 0.000 0.000 0.000 0.000 0.000 0.000 0.000 0.000 18.000 9.000 0.000 4.000 552.000 5.000 9.000 43.000 0.000 0.000 0.000 634.000 1.000 1.000 33.000 1.000 11.000 11.000 5.000 1.000 20.000 11.000 0.000 73.000 3.000 43.000 861.000 380.000 0.000 0.000 7.000 12.000 3.000 2.000 8.000 1.000 0.000 0.000 0.000
0.000 82.000 46.000 0.000 0.000 0.000 0.000 0.000 4.000 0.000 8.000 0.000 19.000 0.000 0.000 3.000 45.000 3.000 15.000 0.000 0.000 4.000 7.000 3.000 9.000 107.000 230.000 0.000 0.000 2.000 1.000 0.000 0.000 4.000 34.000 31.000 46.000 5.000 0.000 0.000 2.000 0.000 0.000 21.000 0.000 0.000 0.000 0.000 0.000 197.000 0.000 13.000 2.000 83.000 1.000 11.000 5.000 51.000 2.000 27.000 0.000 0.000 404.000 8.000 90.000 491.000 134.000 1403.000 1.000 0.000 0.000 8.000 0.000 0.000 13.000 44.000 56.000 73.000 16.000 6.000 0.000 36.000
0.000 19.000 276.000 0.000 0.000 0.000 0.000 0.000 0.000 0.000 0.000 0.000 0.000 0.000 0.000 8.000 71.000 0.000 0.000 0.000 0.000 5.000 95.000 3.000 0.000 56.000 277.000 0.000 0.000 1.000 0.000 0.000 0.000 8.000 38.000 25.000 38.000 3.000 0.000 0.000 0.000 18.000 21.000 0.000 0.000 0.000 99.000 431.000 263.000 7.000 38.000 0.000 0.000 0.000 214.000 0.000 1.000 142.000 3.000 5.000 0.000 50.000 7.000 1280.000 17.000 0.000 1434.000 1538.000 171.000 7.000 46.000 0.000 0.000 0.000 13.000 90.000 140.000 70.000 29.000 3.000 0.000 0.000
0.000 0.000 0.000 42.000 0.000 3.000 1.000 0.000 39.000 3.000 0.000 41.000 0.000 0.000 4.000 0.000 0.000 0.000 0.000 31.000 0.000 0.000 0.000 43.000 0.000 0.000 0.000 2.000 0.000 0.000 0.000 0.000 0.000 0.000 0.000 0.000 0.000 0.000 8.000 0.000 0.000 9.000 0.000 0.000 0.000 1.000 42.000 17.000 18.000 75.000 822.000 0.000 555.000 0.000 43.000 25.000 0.000 0.000 0.000 0.000 4595.000 1.000 1.000 1.000 445.000 0.000 0.000 4.000 1573.000 34.000 16.000 0.000 1.000 1.000 24.000 32.000 0.000 34.000 2.000 15.000 2.000 0.000
0.000 0.000 0.000 0.000 0.000 0.000 0.000 0.000 1.000 0.000 0.000 0.000 0.000 0.000 0.000 0.000 0.000 0.000 0.000 0.000 0.000 0.000 0.000 0.000 0.000 0.000 0.000 0.000 0.000 0.000 0.000 0.000 0.000 0.000 0.000 0.000 0.000 0.000 0.000 0.000 0.000 0.000 0.000 0.000 1.000 0.000 168.000 0.000 43.000 2.000 0.000 3.000 3.000 2.000 1.000 141.000 0.000 0.000 0.000 0.000 0.000 0.000 0.000 0.000 2.000 0.000 0.000 0.000 1.000 14.000 0.000 0.000 182.000 0.000 120.000 3.000 0.000 19.000 1.000 916.000 378.000 1.000
0.000 0.000 0.000 3.000 0.000 0.000 0.000 0.000 22.000 0.000 0.000 12.000 0.000 0.000 0.000 0.000 0.000 0.000 0.000 6.000 0.000 0.000 0.000 22.000 0.000 0.000 0.000 2.000 0.000 0.000 0.000 0.000 0.000 0.000 0.000 0.000 0.000 0.000 2.000 0.000 0.000 4.000 0.000 99.000 42.000 168.000 0.000 233.000 2864.000 85.000 2261.000 5.000 1507.000 0.000 71.000 234.000 0.000 0.000 0.000 0.000 150.000 13.000 1.000 11.000 35.000 0.000 15.000 20.000 293.000 31.000 8.000 1.000 136.000 0.000 99.000 30.000 6.000 70.000 3.000 767.000 209.000 0.000
0.000 0.000 0.000 3.000 0.000 1.000 2.000 0.000 15.000 1.000 0.000 3.000 0.000 0.000 0.000 0.000 0.000 0.000 0.000 2.000 0.000 2.000 0.000 60.000 0.000 0.000 0.000 69.000 0.000 2.000 0.000 0.000 0.000 0.000 7.000 0.000 1.000 0.000 0.000 0.000 0.000 552.000 0.000 431.000 17.000 0.000 233.000 0.000 463.000 46.000 1410.000 0.000 14.000 0.000 1476.000 4.000 6.000 207.000 1.000 21.000 5.000 72.000 3.000 427.000 56.000 0.000 235.000 155.000 3323.000 66.000 1698.000 0.000 1.000 6.000 41.000 36.000 12.000 83.000 26.000 13.000 6.000 0.000
0.000 0.000 0.000 1.000 0.000 0.000 0.000 0.000 5.000 0.000 0.000 0.000 0.000 0.000 0.000 0.000 0.000 0.000 0.000 0.000 0.000 1.000 0.000 2.000 0.000 0.000 0.000 0.000 0.000 0.000 0.000 0.000 0.000 0.000 0.000 0.000 0.000 0.000 1.000 0.000 0.000 5.000 0.000 263.000 18.000 43.000 2864.000 463.000 0.000 19.000 781.000 11.000 161.000 2.000 2146.000 40.000 0.000 17.000 0.000 3.000 58.000 23.000 0.000 59.000 35.000 0.000 131.000 38.000 151.000 40.000 30.000 0.000 322.000 0.000 74.000 41.000 9.000 85.000 5.000 190.000 70.000 2.000
2.000 2.000 1.000 23.000 0.000 44.000 17.000 12.000 64.000 59.000 0.000 31.000 0.000 10.000 7.000 0.000 0.000 0.000 0.000 35.000 0.000 0.000 0.000 23.000 3.000 0.000 3.000 51.000 21.000 25.000 0.000 0.000 4.000 8.000 73.000 0.000 65.000 4.000 16.000 7.000 0.000 9.000 197.000 7.000 75.000 2.000 85.000 46.000 19.000 0.000 55.000 2.000 370.000 7.000 71.000 177.000 3.000 2.000 0.000 3.000 94.000 2.000 437.000 1.000 1864.000 57.000 7.000 148.000 152.000 116.000 70.000 0.000 2.000 5.000 52.000 94.000 5.000 134.000 6.000 260.000 18.000 2.000
0.000 0.000 0.000 2.000 0.000 0.000 0.000 0.000 36.000 0.000 0.000 20.000 0.000 0.000 1.000 0.000 0.000 0.000 0.000 3.000 0.000 0.000 0.000 37.000 0.000 0.000 0.000 0.000 0.000 0.000 0.000 0.000 0.000 0.000 0.000 0.000 0.000 0.000 0.000 0.000 0.000 43.000 0.000 38.000 822.000 0.000 2261.000 1410.000 781.000 55.000 0.000 0.000 1139.000 0.000 517.000 21.000 0.000 0.000 0.000 0.000 1883.000 6.000 2.000 6.000 39.000 0.000 3.000 41.000 2103.000 251.000 31.000 0.000 2.000 3.000 118.000 104.000 2.000 146.000 3.000 49.000 14.000 0.000
0.000 10.000 0.000 0.000 0.000 0.000 0.000 0.000 0.000 0.000 51.000 0.000 74.000 0.000 0.000 0.000 0.000 12.000 4.000 0.000 0.000 3.000 0.000 0.000 37.000 56.000 54.000 0.000 0.000 0.000 18.000 0.000 0.000 0.000 0.000 17.000 6.000 0.000 0.000 0.000 1.000 0.000 13.000 0.000 0.000 3.000 5.000 0.000 11.000 2.000 0.000 0.000 3.000 1287.000 19.000 0.000 1.000 38.000 975.000 404.000 2.000 17.000 5.000 14.000 1.000 48.000 927.000 133.000 1.000 31.000 13.000 414.000 14.000 1.000 851.000 29.000 325.000 757.000 16.000 4.000 3.000 155.000
0.000 1.000 0.000 11.000 0.000 12.000 8.000 0.000 59.000 28.000 0.000 42.000 0.000 0.000 4.000 0.000 0.000 0.000 0.000 41.000 0.000 0.000 0.000 25.000 0.000 0.000 0.000 34.000 1.000 0.000 0.000 0.000 0.000 0.000 1.000 0.000 2.000 0.000 12.000 0.000 0.000 0.000 2.000 0.000 555.000 3.000 1507.000 14.000 161.000 370.000 1139.000 3.000 0.000 0.000 151.000 173.000 0.000 0.000 0.000 0.000 2507.000 0.000 2.000 0.000 332.000 0.000 0.000 0.000 178.000 78.000 0.000 0.000 13.000 1.000 93.000 78.000 1.000 135.000 0.000 232.000 29.000 0.000
0.000 35.000 0.000 0.000 0.000 0.000 0.000 0.000 0.000 0.000 136.000 0.000 210.000 0.000 0.000 0.000 0.000 34.000 9.000 0.000 0.000 8.000 0.000 0.000 137.000 89.000 80.000 0.000 0.000 0.000 20.000 0.000 0.000 2.000 0.000 41.000 15.000 0.000 1.000 4.000 2.000 0.000 83.000 0.000 0.000 2.000 0.000 0.000 2.000 7.000 0.000 1287.000 0.000 0.000 0.000 0.000 0.000 2.000 15.000 5.000 0.000 0.000 26.000 0.000 1.000 737.000 367.000 829.000 0.000 3.000 0.000 594.000 0.000 0.000 40.000 5.000 149.000 111.000 1.000 13.000 16.000 273.000
0.000 0.000 0.000 1.000 0.000 0.000 0.000 0.000 25.000 0.000 0.000 0.000 0.000 0.000 0.000 0.000 0.000 0.000 0.000 0.000 0.000 0.000 0.000 6.000 0.000 0.000 0.000 0.000 0.000 0.000 0.000 0.000 0.000 0.000 0.000 0.000 0.000 0.000 0.000 0.000 0.000 634.000 1.000 214.000 43.000 1.000 71.000 1476.000 2146.000 71.000 517.000 19.000 151.000 0.000 0.000 9.000 2.000 120.000 0.000 7.000 84.000 27.000 2.000 125.000 69.000 0.000 250.000 15.000 254.000 1202.000 264.000 0.000 318.000 5.000 166.000 61.000 17.000 167.000 5.000 47.000 32.000 0.000
0.000 0.000 0.000 0.000 0.000 0.000 0.000 0.000 2.000 0.000 0.000 1.000 0.000 0.000 1.000 0.000 0.000 0.000 0.000 3.000 0.000 0.000 0.000 0.000 0.000 0.000 0.000 1.000 0.000 0.000 0.000 0.000 0.000 0.000 0.000 0.000 0.000 0.000 1.000 0.000 0.000 1.000 11.000 0.000 25.000 141.000 234.000 4.000 40.000 177.000 21.000 0.000 173.000 0.000 9.000 0.000 0.000 0.000 0.000 0.000 13.000 0.000 11.000 1.000 81.000 0.000 0.000 8.000 25.000 8.000 8.000 0.000 6.000 0.000 9.000 8.000 0.000 7.000 1.000 1586.000 5.000 0.000
1.000 1.000 7.000 1.000 0.000 0.000 0.000 0.000 5.000 0.000 0.000 0.000 0.000 0.000 0.000 352.000 1.000 0.000 0.000 0.000 78.000 105.000 300.000 20.000 0.000 0.000 65.000 18.000 1.000 54.000 0.000 0.000 0.000 1.000 118.000 35.000 31.000 10.000 18.000 1.000 0.000 1.000 5.000 1.000 0.000 0.000 0.000 6.000 0.000 3.000 0.000 1.000 0.000 0.000 2.000 0.000 0.000 17.000 0.000 3.000 0.000 697.000 503.000 1231.000 474.000 0.000 19.000 868.000 98.000 2.000 76.000 0.000 0.000 5.000 12.000 253.000 162.000 141.000 102.000 41.000 2.000 0.000
0.000 15.000 130.000 0.000 0.000 0.000 0.000 0.000 0.000 0.000 1.000 0.000 1.000 0.000 0.000 2.000 60.000 0.000 13.000 0.000 0.000 2.000 24.000 1.000 1.000 159.000 171.000 0.000 0.000 0.000 0.000 0.000 0.000 8.000 20.000 23.000 28.000 6.000 0.000 0.000 0.000 33.000 51.000 142.000 0.000 0.000 0.000 207.000 17.000 2.000 0.000 38.000 0.000 2.000 120.000 0.000 17.000 0.000 70.000 1032.000 0.000 97.000 7.000 930.000 23.000 2.000 604.000 608.000 88.000 74.000 318.000 0.000 0.000 8.000 436.000 121.000 247.000 208.000 70.000 3.000 3.000 0.000
0.000 3.000 0.000 0.000 0.000 0.000 0.000 0.000 0.000 0.000 8.000 0.000 10.000 0.000 0.000 0.000 1.000 14.000 9.000 0.000 0.000 1.000 0.000 0.000 9.000 63.000 51.000 0.000 0.000 0.000 4.000 0.000 0.000 1.000 0.000 10.000 8.000 0.000 0.000 0.000 0.000 1.000 2.000 3.000 0.000 0.000 0.000 1.000 0.000 0.000 0.000 975.000 0.000 15.000 0.000 0.000 0.000 70.000 0.000 1103.000 0.000 11.000 2.000 4.000 0.000 40.000 928.000 116.000 0.000 12.000 26.000 27.000 0.000 1.000 40.000 22.000 105.000 116.000 10.000 1.000 0.000 1.000
0.000 7.000 9.000 0.000 0.000 0.000 0.000 0.000 0.000 0.000 5.000 0.000 2.000 0.000 0.000 0.000 9.000 4.000 31.000 0.000 0.000 1.000 0.000 0.000 8.000 138.000 110.000 0.000 0.000 0.000 2.000 0.000 0.000 3.000 4.000 17.000 23.000 3.000 0.000 0.000 0.000 11.000 27.000 5.000 0.000 0.000 0.000 21.000 3.000 3.000 0.000 404.000 0.000 5.000 7.000 0.000 3.000 1032.000 1103.000 0.000 0.000 48.000 3.000 62.000 1.000 53.000 819.000 261.000 1.000 67.000 147.000 8.000 0.000 3.000 275.000 59.000 125.000 202.000 33.000 0.000 1.000 0.000
0.000 0.000 0.000 36.000 0.000 6.000 5.000 0.000 44.000 10.000 0.000 38.000 0.000 0.000 8.000 0.000 0.000 0.000 0.000 43.000 0.000 0.000 0.000 41.000 0.000 0.000 0.000 19.000 0.000 0.000 0.000 0.000 0.000 0.000 0.000 0.000 0.000 0.000 6.000 0.000 0.000 11.000 0.000 0.000 4595.000 0.000 150.000 5.000 58.000 94.000 1883.000 2.000 2507.000 0.000 84.000 13.000 0.000 0.000 0.000 0.000 0.000 0.000 0.000 0.000 162.000 0.000 0.000 0.000 374.000 82.000 2.000 0.000 4.000 0.000 48.000 59.000 2.000 68.000 4.000 32.000 9.000 0.000
0.000 0.000 0.000 0.000 0.000 0.000 0.000 0.000 2.000 0.000 0.000 0.000 0.000 0.000 0.000 97.000 0.000 0.000 0.000 0.000 42.000 32.000 34.000 29.000 0.000 0.000 7.000 41.000 0.000 69.000 0.000 0.000 0.000 2.000 80.000 16.000 8.000 1.000 0.000 0.000 0.000 5.000 0.000 50.000 1.000 0.000 13.000 72.000 23.000 2.000 6.000 17.000 0.000 0.000 27.000 0.000 697.000 97.000 11.000 48.000 0.000 0.000 44.000 3961.000 60.000 0.000 23.000 81.000 745.000 34.000 1481.000 0.000 0.000 17.000 653.000 602.000 139.000 731.000 204.000 82.000 2.000 0.000
1.000 1.000 9.000 1.000 0.000 0.000 0.000 1.000 7.000 0.000 1.000 1.000 4.000 3.000 0.000 83.000 4.000 0.000 0.000 0.000 13.000 57.000 37.000 20.000 1.000 6.000 44.000 7.000 2.000 4.000 0.000 0.000 1.000 1.000 31.000 14.000 15.000 7.000 3.000 0.000 0.000 1.000 404.000 7.000 1.000 0.000 1.000 3.000 0.000 437.000 2.000 5.000 2.000 26.000 2.000 11.000 503.000 7.000 2.000 3.000 0.000 44.000 0.000 105.000 821.000 71.000 14.000 825.000 22.000 5.000 33.000 3.000 0.000 2.000 3.000 68.000 39.000 33.000 27.000 9.000 1.000 8.000
0.000 5.000 60.000 0.000 0.000 0.000 0.000 0.000 1.000 0.000 0.000 0.000 0.000 0.000 0.000 282.000 3.000 0.000 0.000 0.000 47.000 68.000 489.000 7.000 0.000 0.000 349.000 3.000 0.000 4.000 0.000 0.000 0.000 3.000 107.000 58.000 31.000 12.000 7.000 0.000 0.000 20.000 8.000 1280.000 1.000 0.000 11.000 427.000 59.000 1.000 6.000 14.000 0.000 0.000 125.000 1.000 1231.000 930.000 4.000 62.000 0.000 3961.000 105.000 0.000 98.000 0.000 98.000 1488.000 653.000 58.000 307.000 0.000 0.000 5.000 411.000 1262.000 717.000 942.000 644.000 207.000 5.000 0.000
6.000 3.000 1.000 43.000 0.000 58.000 46.000 2.000 83.000 82.000 0.000 39.000 0.000 3.000 2.000 19.000 0.000 0.000 0.000 99.000 17.000 9.000 1.000 251.000 0.000 0.000 5.000 343.000 19.000 107.000 0.000 0.000 13.000 6.000 252.000 10.000 82.000 7.000 20.000 0.000 0.000 11.000 90.000 17.000 445.000 2.000 35.000 56.000 35.000 1864.000 39.000 1.000 332.000 1.000 69.000 81.000 474.000 23.000 0.000 1.000 162.000 60.000 821.000 98.000 0.000 13.000 64.000 701.000 1399.000 154.000 202.000 0.000 0.000 15.000 66.000 198.000 37.000 186.000 22.000 108.000 8.000 0.000
0.000 20.000 0.000 0.000 0.000 0.000 0.000 1.000 0.000 0.000 33.000 0.000 65.000 0.000 0.000 0.000 2.000 26.000 25.000 0.000 0.000 2.000 0.000 0.000 140.000 127.000 168.000 0.000 0.000 0.000 12.000 0.000 0.000 2.000 12.000 35.000 18.000 3.000 0.000 0.000 4.000 0.000 491.000 0.000 0.000 0.000 0.000 0.000 0.000 57.000 0.000 48.000 0.000 737.000 0.000 0.000 0.000 2.000 40.000 53.000 0.000 0.000 71.000 0.000 13.000 0.000 140.000 650.000 0.000 0.000 0.000 23.000 0.000 0.000 20.000 20.000 85.000 57.000 8.000 0.000 0.000 206.000
0.000 44.000 162.000 0.000 0.000 0.000 0.000 0.000 0.000 0.000 35.000 0.000 62.000 0.000 0.000 0.000 156.000 55.000 147.000 0.000 0.000 0.000 21.000 0.000 71.000 919.000 773.000 0.000 0.000 0.000 20.000 0.000 0.000 22.000 52.000 140.000 116.000 11.000 0.000 0.000 2.000 73.000 134.000 1434.000 0.000 0.000 15.000 235.000 131.000 7.000 3.000 927.000 0.000 367.000 250.000 0.000 19.000 604.000 928.000 819.000 0.000 23.000 14.000 98.000 64.000 140.000 0.000 3146.000 75.000 33.000 200.000 532.000 0.000 4.000 135.000 189.000 616.000 449.000 93.000 3.000 3.000 6.000
0.000 100.000 457.000 0.000 0.000 0.000 0.000 0.000 3.000 0.000 49.000 0.000 57.000 0.000 0.000 55.000 186.000 56.000 144.000 0.000 7.000 48.000 405.000 8.000 81.000 866.000 1322.000 3.000 0.000 1.000 13.000 0.000 0.000 44.000 166.000 197.000 224.000 32.000 9.000 2.000 0.000 3.000 1403.000 1538.000 4.000 0.000 20.000 155.000 38.000 148.000 41.000 133.000 0.000 829.000 15.000 8.000 868.000 608.000 116.000 261.000 0.000 81.000 825.000 1488.000 701.000 650.000 3146.000 0.000 283.000 5.000 30.000 473.000 0.000 2.000 247.000 1067.000 835.000 1032.000 384.000 51.000 16.000 5.000
0.000 1.000 0.000 28.000 0.000 20.000 19.000 0.000 67.000 8.000 0.000 46.000 0.000 0.000 1.000 10.000 0.000 0.000 0.000 44.000 12.000 8.000 2.000 377.000 0.000 0.000 1.000 276.000 4.000 39.000 0.000 0.000 3.000 2.000 118.000 10.000 29.000 1.000 4.000 0.000 0.000 43.000 1.000 171.000 1573.000 1.000 293.000 3323.000 151.000 152.000 2103.000 1.000 178.000 0.000 254.000 25.000 98.000 88.000 0.000 1.000 374.000 745.000 22.000 653.000 1399.000 0.000 75.000 283.000 0.000 288.000 1258.000 0.000 0.000 42.000 183.000 320.000 46.000 373.000 53.000 88.000 22.000 0.000
0.000 0.000 0.000 0.000 0.000 0.000 0.000 0.000 29.000 0.000 1.000 0.000 0.000 0.000 0.000 0.000 0.000 0.000 0.000 0.000 1.000 2.000 0.000 27.000 0.000 0.000 0.000 4.000 0.000 1.000 0.000 0.000 1.000 0.000 4.000 1.000 1.000 0.000 0.000 0.000 0.000 861.000 0.000 7.000 34.000 14.000 31.000 66.000 40.000 116.000 251.000 31.000 78.000 3.000 1202.000 8.000 2.000 74.000 12.000 67.000 82.000 34.000 5.000 58.000 154.000 0.000 33.000 5.000 288.000 0.000 928.000 0.000 132.000 912.000 581.000 60.000 10.000 276.000 9.000 32.000 36.000 0.000
0.000 0.000 0.000 2.000 0.000 0.000 0.000 0.000 13.000 0.000 0.000 0.000 0.000 0.000 0.000 38.000 0.000 0.000 0.000 0.000 38.000 17.000 3.000 58.000 0.000 0.000 0.000 41.000 1.000 40.000 0.000 0.000 0.000 0.000 71.000 7.000 10.000 0.000 0.000 0.000 0.000 380.000 0.000 46.000 16.000 0.000 8.000 1698.000 30.000 70.000 31.000 13.000 0.000 0.000 264.000 8.000 76.000 318.000 26.000 147.000 2.000 1481.000 33.000 307.000 202.000 0.000 200.000 30.000 1258.000 928.000 0.000 0.000 0.000 152.000 647.000 76.000 25.000 218.000 16.000 22.000 0.000 0.000
0.000 8.000 0.000 0.000 0.000 0.000 0.000 0.000 0.000 0.000 30.000 0.000 26.000 0.000 0.000 0.000 0.000 16.000 11.000 0.000 0.000 0.000 0.000 0.000 18.000 30.000 38.000 0.000 0.000 0.000 9.000 0.000 0.000 2.000 0.000 11.000 7.000 0.000 0.000 0.000 0.000 0.000 8.000 0.000 0.000 0.000 1.000 0.000 0.000 0.000 0.000 414.000 0.000 594.000 0.000 0.000 0.000 0.000 27.000 8.000 0.000 0.000 3.000 0.000 0.000 23.000 532.000 473.000 0.000 0.000 0.000 0.000 0.000 0.000 13.000 6.000 61.000 46.000 0.000 0.000 0.000 2.000
0.000 0.000 0.000 0.000 0.000 0.000 0.000 0.000 1.000 0.000 0.000 0.000 0.000 0.000 0.000 0.000 0.000 0.000 0.000 0.000 0.000 0.000 0.000 0.000 0.000 0.000 0.000 0.000 0.000 0.000 0.000 0.000 0.000 0.000 0.000 0.000 0.000 0.000 0.000 0.000 0.000 0.000 0.000 0.000 1.000 182.000 136.000 1.000 322.000 2.000 2.000 14.000 13.000 0.000 318.000 6.000 0.000 0.000 0.000 0.000 4.000 0.000 0.000 0.000 0.000 0.000 0.000 0.000 0.000 132.000 0.000 0.000 0.000 0.000 269.000 11.000 0.000 78.000 1.000 49.000 264.000 0.000
0.000 0.000 0.000 0.000 0.000 0.000 0.000 0.000 5.000 0.000 0.000 0.000 0.000 0.000 0.000 1.000 0.000 0.000 0.000 0.000 1.000 1.000 0.000 10.000 0.000 0.000 0.000 3.000 0.000 0.000 0.000 0.000 0.000 0.000 3.000 0.000 1.000 0.000 0.000 0.000 0.000 7.000 0.000 0.000 1.000 0.000 0.000 6.000 0.000 5.000 3.000 1.000 1.000 0.000 5.000 0.000 5.000 8.000 1.000 3.000 0.000 17.000 2.000 5.000 15.000 0.000 4.000 2.000 42.000 912.000 152.000 0.000 0.000 0.000 417.000 2.000 2.000 50.000 2.000 0.000 0.000 0.000
