0.0000 0.0000 0.0034 0.0000 0.0000 0.0000 0.0000 0.0398 0.0000 0.0015 0.0016 0.0079 0.0000 0.0008 0.0035 0.0005 0.0000 0.0000 0.0001 0.0000 0.0889 0.0000 0.0275 0.0259 0.0000 0.0077 0.0004 0.0000 0.0000 0.0000 0.0000 0.0000 0.0004 0.0002 0.0008 0.0003 0.0000 0.0000 0.0000 0.0162 0.0046 0.0000 0.0000 0.0000 0.0000 0.0000 0.0000 0.0000 0.0000 0.0000 0.0000 0.0000 0.0000 0.0000 0.0000 0.0000 0.0000 0.0000 0.0000 0.0000 0.0000 0.0000 0.0000 0.0000 0.0001 0.0042 0.0000 0.0000 0.0000 0.0000 0.0000 0.0000 0.0000 0.0001 0.0000 0.0001 0.0000 0.0000 0.0000 0.0000
0.0000 0.0000 0.0000 0.0000 0.0089 0.0501 0.0396 0.0000 0.0107 0.0010 0.0000 0.0000 0.0150 0.0000 0.0000 0.0383 0.0018 0.0044 0.0000 0.0066 0.0000 0.0677 0.0002 0.0000 0.0643 0.0242 0.0103 0.0030 0.0028 0.0001 0.0006 0.0000 0.0030 0.0098 0.0984 0.0089 0.0082 0.0027 0.0004 0.0000 0.0002 0.1203 0.0000 0.0000 0.0000 0.0001 0.0000 0.0000 0.0000 0.0000 0.0000 0.0000 0.0000 0.0000 0.0000 0.0291 0.0002 0.0043 0.0000 0.0001 0.0001 0.0165 0.0000 0.0000 0.0261 0.0506 0.0001 0.0009 0.0000 0.0000 0.0000 0.0000 0.0002 0.0025 0.0531 0.0022 0.0000 0.0000 0.0000 0.0000
0.0034 0.0000 0.0000 0.0019 0.0017 0.0007 0.0011 0.0212 0.0161 0.0013 0.0356 0.0012 0.0009 0.0083 0.0000 0.0000 0.0001 0.0000 0.0719 0.0000 0.0035 0.0000 0.0651 0.0010 0.0005 0.0017 0.0419 0.0034 0.0000 0.0000 0.0014 0.0000 0.0029 0.0052 0.0002 0.0084 0.0000 0.0103 0.0012 0.0000 0.0000 0.0000 0.0029 0.0000 0.0001 0.0004 0.0000 0.0243 0.0028 0.0000 0.0011 0.0000 0.0000 0.0002 0.0000 0.0000 0.0000 0.0000 0.0017 0.0000 0.0000 0.0000 0.0016 0.0000 0.0000 0.0000 0.0114 0.0001 0.0000 0.0000 0.0000 0.0000 0.0000 0.0011 0.0001 0.0030 0.0000 0.0065 0.0005 0.0000
0.0000 0.0000 0.0019 0.0000 0.0478 0.0003 0.0018 0.0424 0.0026 0.0184 0.0240 0.0031 0.0000 0.1564 0.0002 0.0000 0.0003 0.0000 0.0014 0.0015 0.0002 0.0012 0.0081 0.0000 0.0000 0.0003 0.0041 0.0000 0.0001 0.0002 0.0121 0.0000 0.0065 0.0119 0.0008 0.0030 0.0000 0.0707 0.0112 0.0000 0.0000 0.0000 0.0000 0.0000 0.0000 0.0000 0.0000 0.0000 0.0001 0.0001 0.0001 0.0000 0.0000 0.0000 0.0000 0.0000 0.0000 0.0000 0.0000 0.0000 0.0000 0.0000 0.0000 0.0000 0.0000 0.0000 0.0001 0.0000 0.0000 0.0000 0.0000 0.0000 0.0000 0.0000 0.0001 0.0001 0.0000 0.0001 0.0000 0.0000
0.0000 0.0089 0.0017 0.0478 0.0000 0.0211 0.1214 0.0075 0.0784 0.0034 0.0698 0.0024 0.0068 0.0518 0.0000 0.0017 0.0007 0.0019 0.0069 0.0000 0.0000 0.0007 0.0045 0.0001 0.0082 0.0015 0.0194 0.0012 0.0000 0.0000 0.0389 0.0000 0.0023 0.0208 0.0063 0.0076 0.0004 0.0316 0.0039 0.0005 0.0000 0.0000 0.0005 0.0000 0.0000 0.0010 0.0000 0.0006 0.0013 0.0000 0.0003 0.0000 0.0000 0.0000 0.0000 0.0000 0.0000 0.0000 0.0003 0.0000 0.0000 0.0000 0.0020 0.0000 0.0000 0.0000 0.0062 0.0000 0.0002 0.0000 0.0000 0.0000 0.0000 0.0005 0.0000 0.0007 0.0000 0.0019 0.0000 0.0000
0.0000 0.0501 0.0007 0.0003 0.0211 0.0000 0.0646 0.0001 0.0439 0.0066 0.0001 0.0021 0.0913 0.0023 0.0000 0.0082 0.0023 0.0049 0.0001 0.0040 0.0000 0.0104 0.0029 0.0000 0.0211 0.0065 0.1010 0.0390 0.0444 0.0002 0.0044 0.0004 0.0105 0.0130 0.0040 0.0298 0.0038 0.0069 0.0049 0.0002 0.0000 0.0000 0.0002 0.0000 0.0002 0.0035 0.0004 0.0040 0.0021 0.0000 0.0003 0.0000 0.0001 0.0000 0.0000 0.0000 0.0000 0.0000 0.0002 0.0000 0.0000 0.0003 0.0046 0.0000 0.0001 0.0002 0.0147 0.0001 0.0002 0.0000 0.0002 0.0000 0.0003 0.0013 0.0000 0.0019 0.0000 0.0022 0.0005 0.0000
0.0000 0.0396 0.0011 0.0018 0.1214 0.0646 0.0000 0.0007 0.0723 0.0082 0.0224 0.0035 0.1146 0.0074 0.0000 0.0162 0.0048 0.0193 0.0088 0.0016 0.0000 0.0099 0.0014 0.0000 0.0299 0.0029 0.0141 0.0052 0.0104 0.0003 0.0233 0.0000 0.0053 0.0260 0.0069 0.0082 0.0024 0.0172 0.0015 0.0005 0.0000 0.0000 0.0002 0.0000 0.0002 0.0016 0.0005 0.0009 0.0007 0.0000 0.0000 0.0000 0.0001 0.0000 0.0000 0.0000 0.0000 0.0000 0.0001 0.0002 0.0000 0.0000 0.0033 0.0000 0.0000 0.0000 0.0090 0.0000 0.0003 0.0000 0.0000 0.0000 0.0000 0.0005 0.0000 0.0022 0.0004 0.0010 0.0001 0.0000
0.0398 0.0000 0.0212 0.0424 0.0075 0.0001 0.0007 0.0000 0.0048 0.0008 0.0218 0.0129 0.0001 0.0495 0.0006 0.0000 0.0000 0.0000 0.0146 0.0001 0.0501 0.0001 0.0486 0.0188 0.0002 0.0055 0.0145 0.0005 0.0001 0.0012 0.0032 0.0000 0.0003 0.0011 0.0004 0.0012 0.0000 0.0185 0.0017 0.0070 0.0000 0.0000 0.0159 0.0000 0.0002 0.0013 0.0001 0.0579 0.0117 0.0000 0.0051 0.0000 0.0000 0.0003 0.0035 0.0000 0.0000 0.0000 0.0160 0.0005 0.0007 0.0000 0.0225 0.0000 0.0000 0.0000 0.0526 0.0010 0.0002 0.0000 0.0000 0.0000 0.0006 0.0032 0.0001 0.0030 0.0000 0.0018 0.0002 0.0000
0.0000 0.0107 0.0161 0.0026 0.0784 0.0439 0.0723 0.0048 0.0000 0.0266 0.0514 0.0118 0.0413 0.0074 0.0000 0.0009 0.0066 0.0091 0.0288 0.0004 0.0000 0.0015 0.0031 0.0002 0.0178 0.0090 0.0596 0.0427 0.0002 0.0040 0.0177 0.0000 0.0351 0.0324 0.0128 0.0863 0.0043 0.0274 0.0105 0.0033 0.0000 0.0000 0.0067 0.0001 0.0012 0.0044 0.0011 0.0255 0.0210 0.0000 0.0055 0.0000 0.0000 0.0002 0.0000 0.0000 0.0000 0.0000 0.0056 0.0000 0.0000 0.0000 0.0152 0.0000 0.0001 0.0002 0.0382 0.0000 0.0000 0.0000 0.0000 0.0000 0.0001 0.0022 0.0003 0.0050 0.0010 0.0097 0.0009 0.0001
0.0015 0.0010 0.0013 0.0184 0.0034 0.0066 0.0082 0.0008 0.0266 0.0000 0.0086 0.0407 0.0125 0.0003 0.0000 0.0082 0.0455 0.0172 0.0055 0.0038 0.0018 0.0024 0.0016 0.0020 0.0163 0.0073 0.0094 0.0442 0.0045 0.0078 0.0191 0.0001 0.0896 0.0360 0.0462 0.0343 0.0274 0.0059 0.0034 0.0035 0.0000 0.0000 0.0000 0.0000 0.0000 0.0002 0.0000 0.0001 0.0000 0.0030 0.0000 0.0025 0.0000 0.0000 0.0000 0.0000 0.0011 0.0000 0.0000 0.0000 0.0000 0.0000 0.0002 0.0044 0.0061 0.0054 0.0020 0.0000 0.0000 0.0046 0.0000 0.0000 0.0012 0.0010 0.0519 0.0013 0.0001 0.0007 0.0000 0.0022
0.0016 0.0000 0.0356 0.0240 0.0698 0.0001 0.0224 0.0218 0.0514 0.0086 0.0000 0.0056 0.0050 0.0741 0.0000 0.0000 0.0012 0.0011 0.0818 0.0000 0.0019 0.0000 0.0368 0.0009 0.0028 0.0031 0.0209 0.0038 0.0000 0.0007 0.0151 0.0000 0.0086 0.0076 0.0032 0.0154 0.0004 0.0220 0.0021 0.0006 0.0000 0.0000 0.0016 0.0000 0.0000 0.0000 0.0000 0.0052 0.0032 0.0000 0.0007 0.0000 0.0000 0.0000 0.0000 0.0000 0.0000 0.0000 0.0013 0.0000 0.0000 0.0000 0.0056 0.0000 0.0000 0.0000 0.0074 0.0000 0.0000 0.0000 0.0000 0.0000 0.0000 0.0005 0.0002 0.0032 0.0001 0.0054 0.0003 0.0000
0.0079 0.0000 0.0012 0.0031 0.0024 0.0021 0.0035 0.0129 0.0118 0.0407 0.0056 0.0000 0.0016 0.0001 0.0001 0.0000 0.0000 0.0000 0.0037 0.0003 0.0168 0.0001 0.0111 0.0147 0.0008 0.0102 0.0042 0.0009 0.0001 0.0139 0.0007 0.0000 0.0378 0.0187 0.0592 0.0408 0.0056 0.0151 0.0098 0.0181 0.0000 0.0000 0.0000 0.0000 0.0000 0.0001 0.0000 0.0000 0.0000 0.0005 0.0000 0.0052 0.0000 0.0000 0.0000 0.0000 0.0001 0.0000 0.0000 0.0000 0.0000 0.0000 0.0001 0.0069 0.0020 0.0035 0.0007 0.0000 0.0000 0.0082 0.0000 0.0000 0.0007 0.0015 0.0211 0.0023 0.0002 0.0046 0.0004 0.0043
0.0000 0.0150 0.0009 0.0000 0.0068 0.0913 0.1146 0.0001 0.0413 0.0125 0.0050 0.0016 0.0000 0.0000 0.0000 0.0129 0.0044 0.0158 0.0049 0.0012 0.0000 0.0068 0.0008 0.0000 0.0163 0.0030 0.0088 0.0805 0.0219 0.0002 0.0284 0.0001 0.0086 0.0126 0.0024 0.0082 0.0004 0.0033 0.0000 0.0001 0.0000 0.0000 0.0000 0.0000 0.0000 0.0004 0.0001 0.0002 0.0000 0.0000 0.0000 0.0000 0.0000 0.0000 0.0000 0.0000 0.0000 0.0000 0.0000 0.0001 0.0000 0.0000 0.0009 0.0000 0.0000 0.0000 0.0035 0.0000 0.0003 0.0000 0.0000 0.0000 0.0000 0.0002 0.0000 0.0006 0.0000 0.0002 0.0000 0.0000
0.0008 0.0000 0.0083 0.1564 0.0518 0.0023 0.0074 0.0495 0.0074 0.0003 0.0741 0.0001 0.0000 0.0000 0.0011 0.0000 0.0000 0.0000 0.0072 0.0051 0.0006 0.0031 0.0182 0.0000 0.0000 0.0015 0.0101 0.0000 0.0009 0.0000 0.0141 0.0000 0.0001 0.0070 0.0009 0.0051 0.0005 0.0539 0.0026 0.0000 0.0000 0.0000 0.0000 0.0000 0.0000 0.0000 0.0000 0.0004 0.0000 0.0000 0.0000 0.0000 0.0000 0.0000 0.0000 0.0000 0.0000 0.0000 0.0000 0.0000 0.0000 0.0000 0.0002 0.0000 0.0000 0.0000 0.0003 0.0000 0.0000 0.0000 0.0000 0.0000 0.0000 0.0000 0.0000 0.0000 0.0000 0.0000 0.0000 0.0000
0.0035 0.0000 0.0000 0.0002 0.0000 0.0000 0.0000 0.0006 0.0000 0.0000 0.0000 0.0001 0.0000 0.0011 0.0000 0.0000 0.0000 0.0000 0.0000 0.0167 0.0414 0.0195 0.0194 0.0004 0.0004 0.0181 0.0049 0.0002 0.0002 0.0000 0.0000 0.0000 0.0033 0.0326 0.0133 0.0125 0.0022 0.0130 0.0002 0.0000 0.0000 0.0003 0.0000 0.0000 0.0000 0.0000 0.0000 0.0023 0.0000 0.0000 0.0000 0.0000 0.0000 0.0000 0.0539 0.0000 0.0000 0.0000 0.0000 0.0330 0.0596 0.0611 0.0030 0.0000 0.0000 0.0097 0.0031 0.0002 0.0062 0.0000 0.0000 0.0000 0.0000 0.0056 0.0086 0.0007 0.0000 0.0011 0.0000 0.0000
0.0005 0.0383 0.0000 0.0000 0.0017 0.0082 0.0162 0.0000 0.0009 0.0082 0.0000 0.0000 0.0129 0.0000 0.0000 0.0000 0.0067 0.0822 0.0000 0.0041 0.0001 0.0442 0.0001 0.0000 0.0210 0.0589 0.0025 0.0175 0.0191 0.0000 0.0000 0.0001 0.0277 0.0038 0.0599 0.0031 0.0016 0.0000 0.0000 0.0000 0.0004 0.0243 0.0000 0.0000 0.0000 0.0000 0.0000 0.0000 0.0000 0.0001 0.0000 0.0000 0.0000 0.0000 0.0000 0.0157 0.0006 0.0122 0.0000 0.0000 0.0000 0.0009 0.0000 0.0000 0.0228 0.0090 0.0000 0.0000 0.0000 0.0001 0.0000 0.0000 0.0000 0.0009 0.0322 0.0013 0.0000 0.0000 0.0000 0.0000
0.0000 0.0018 0.0001 0.0003 0.0007 0.0023 0.0048 0.0000 0.0066 0.0455 0.0012 0.0000 0.0044 0.0000 0.0000 0.0067 0.0000 0.0406 0.0026 0.0006 0.0000 0.0009 0.0000 0.0000 0.0174 0.0032 0.0024 0.0073 0.0021 0.0018 0.0000 0.0000 0.0137 0.0575 0.0697 0.0188 0.0169 0.0000 0.0000 0.0000 0.0000 0.0000 0.0000 0.0000 0.0000 0.0000 0.0000 0.0000 0.0000 0.0009 0.0000 0.0007 0.0000 0.0000 0.0000 0.0000 0.0163 0.0028 0.0000 0.0000 0.0000 0.0000 0.0000 0.0000 0.0109 0.0053 0.0001 0.0000 0.0000 0.0042 0.0000 0.0000 0.0000 0.0001 0.0316 0.0000 0.0000 0.0000 0.0000 0.0000
0.0000 0.0044 0.0000 0.0000 0.0019 0.0049 0.0193 0.0000 0.0091 0.0172 0.0011 0.0000 0.0158 0.0000 0.0000 0.0822 0.0406 0.0000 0.0014 0.0038 0.0000 0.0056 0.0002 0.0000 0.0262 0.0121 0.0044 0.0160 0.0121 0.0000 0.0009 0.0005 0.0411 0.0534 0.0576 0.0270 0.0209 0.0002 0.0000 0.0002 0.0001 0.0010 0.0000 0.0000 0.0000 0.0000 0.0000 0.0000 0.0000 0.0007 0.0000 0.0002 0.0000 0.0000 0.0000 0.0025 0.0128 0.0163 0.0000 0.0001 0.0000 0.0000 0.0000 0.0000 0.0198 0.0082 0.0001 0.0000 0.0000 0.0018 0.0000 0.0000 0.0000 0.0003 0.0355 0.0007 0.0000 0.0000 0.0000 0.0000
0.0001 0.0000 0.0719 0.0014 0.0069 0.0001 0.0088 0.0146 0.0288 0.0055 0.0818 0.0037 0.0049 0.0072 0.0000 0.0000 0.0026 0.0014 0.0000 0.0000 0.0003 0.0000 0.0178 0.0000 0.0018 0.0010 0.0175 0.0062 0.0000 0.0008 0.0067 0.0000 0.0072 0.0069 0.0026 0.0177 0.0000 0.0181 0.0037 0.0000 0.0000 0.0000 0.0017 0.0000 0.0000 0.0000 0.0000 0.0170 0.0023 0.0000 0.0007 0.0000 0.0000 0.0000 0.0000 0.0000 0.0000 0.0000 0.0008 0.0000 0.0000 0.0000 0.0023 0.0000 0.0000 0.0000 0.0051 0.0000 0.0000 0.0000 0.0000 0.0000 0.0000 0.0004 0.0002 0.0027 0.0002 0.0065 0.0000 0.0000
0.0000 0.0066 0.0000 0.0015 0.0000 0.0040 0.0016 0.0001 0.0004 0.0038 0.0000 0.0003 0.0012 0.0051 0.0167 0.0041 0.0006 0.0038 0.0000 0.0000 0.0002 0.1109 0.0032 0.0000 0.0019 0.0034 0.0770 0.0177 0.0719 0.0000 0.0053 0.0037 0.0448 0.1002 0.0615 0.0984 0.0625 0.0596 0.0049 0.0000 0.0000 0.0009 0.0000 0.0000 0.0000 0.0001 0.0001 0.0019 0.0000 0.0000 0.0000 0.0000 0.0003 0.0000 0.0490 0.0000 0.0000 0.0000 0.0000 0.0764 0.0017 0.0430 0.0165 0.0000 0.0000 0.0037 0.0138 0.0031 0.0247 0.0000 0.0000 0.0001 0.0001 0.0037 0.0031 0.0004 0.0001 0.0014 0.0001 0.0000
0.0889 0.0000 0.0035 0.0002 0.0000 0.0000 0.0000 0.0501 0.0000 0.0018 0.0019 0.0168 0.0000 0.0006 0.0414 0.0001 0.0000 0.0000 0.0003 0.0002 0.0000 0.0005 0.0552 0.0371 0.0004 0.0117 0.0033 0.0000 0.0001 0.0007 0.0000 0.0000 0.0001 0.0001 0.0002 0.0004 0.0000 0.0001 0.0000 0.0150 0.0006 0.0001 0.0000 0.0000 0.0000 0.0000 0.0000 0.0001 0.0000 0.0000 0.0000 0.0001 0.0000 0.0000 0.0216 0.0000 0.0000 0.0000 0.0000 0.0007 0.0065 0.0024 0.0021 0.0005 0.0000 0.0039 0.0023 0.0000 0.0000 0.0000 0.0000 0.0000 0.0000 0.0000 0.0000 0.0000 0.0000 0.0000 0.0000 0.0000
0.0000 0.0677 0.0000 0.0012 0.0007 0.0104 0.0099 0.0001 0.0015 0.0024 0.0000 0.0001 0.0068 0.0031 0.0195 0.0442 0.0009 0.0056 0.0000 0.1109 0.0005 0.0000 0.0008 0.0000 0.0143 0.0516 0.0116 0.0300 0.0155 0.0000 0.0021 0.0005 0.0274 0.1161 0.1188 0.0546 0.0494 0.0898 0.0040 0.0001 0.0000 0.0414 0.0000 0.0000 0.0000 0.0002 0.0000 0.0004 0.0000 0.0000 0.0000 0.0000 0.0000 0.0000 0.0796 0.0026 0.0000 0.0000 0.0000 0.0285 0.0044 0.1953 0.0015 0.0000 0.0013 0.0498 0.0004 0.0007 0.0018 0.0000 0.0000 0.0000 0.0003 0.0063 0.0146 0.0012 0.0000 0.0003 0.0000 0.0000
0.0275 0.0002 0.0651 0.0081 0.0045 0.0029 0.0014 0.0486 0.0031 0.0016 0.0368 0.0111 0.0008 0.0182 0.0194 0.0001 0.0000 0.0002 0.0178 0.0032 0.0552 0.0008 0.0000 0.0127 0.0047 0.0177 0.0754 0.0041 0.0018 0.0015 0.0010 0.0000 0.0024 0.0080 0.0014 0.0075 0.0001 0.0058 0.0005 0.0041 0.0000 0.0000 0.0008 0.0000 0.0004 0.0040 0.0010 0.0295 0.0047 0.0001 0.0039 0.0001 0.0003 0.0000 0.0054 0.0000 0.0000 0.0000 0.0012 0.0109 0.0071 0.0008 0.0185 0.0000 0.0000 0.0001 0.0302 0.0014 0.0047 0.0000 0.0001 0.0000 0.0005 0.0055 0.0007 0.0040 0.0002 0.0042 0.0007 0.0000
0.0259 0.0000 0.0010 0.0000 0.0001 0.0000 0.0000 0.0188 0.0002 0.0020 0.0009 0.0147 0.0000 0.0000 0.0004 0.0000 0.0000 0.0000 0.0000 0.0000 0.0371 0.0000 0.0127 0.0000 0.0000 0.0060 0.0001 0.0000 0.0000 0.0008 0.0000 0.0000 0.0007 0.0014 0.0037 0.0024 0.0000 0.0013 0.0002 0.0295 0.0000 0.0000 0.0000 0.0000 0.0000 0.0000 0.0000 0.0000 0.0000 0.0007 0.0000 0.0065 0.0000 0.0000 0.0000 0.0000 0.0000 0.0000 0.0000 0.0000 0.0000 0.0000 0.0000 0.0040 0.0000 0.0017 0.0000 0.0000 0.0000 0.0038 0.0000 0.0000 0.0000 0.0000 0.0001 0.0000 0.0000 0.0003 0.0000 0.0012
0.0000 0.0643 0.0005 0.0000 0.0082 0.0211 0.0299 0.0002 0.0178 0.0163 0.0028 0.0008 0.0163 0.0000 0.0004 0.0210 0.0174 0.0262 0.0018 0.0019 0.0004 0.0143 0.0047 0.0000 0.0000 0.0383 0.0102 0.0071 0.0022 0.0085 0.0014 0.0000 0.0111 0.0610 0.0816 0.0242 0.0149 0.0048 0.0001 0.0004 0.0002 0.0163 0.0000 0.0000 0.0000 0.0000 0.0000 0.0000 0.0000 0.0048 0.0000 0.0062 0.0000 0.0000 0.0000 0.0117 0.0180 0.0222 0.0000 0.0000 0.0000 0.0004 0.0000 0.0004 0.0879 0.0517 0.0003 0.0003 0.0000 0.0066 0.0000 0.0000 0.0001 0.0040 0.0586 0.0016 0.0000 0.0000 0.0000 0.0003
0.0077 0.0242 0.0017 0.0003 0.0015 0.0065 0.0029 0.0055 0.0090 0.0073 0.0031 0.0102 0.0030 0.0015 0.0181 0.0589 0.0032 0.0121 0.0010 0.0034 0.0117 0.0516 0.0177 0.0060 0.0383 0.0000 0.0143 0.0154 0.0009 0.0071 0.0013 0.0000 0.0385 0.1348 0.0436 0.0533 0.0425 0.0249 0.0004 0.0001 0.0135 0.0455 0.0000 0.0000 0.0000 0.0000 0.0000 0.0000 0.0000 0.0016 0.0000 0.0059 0.0000 0.0000 0.0121 0.0069 0.0064 0.0075 0.0000 0.0007 0.0082 0.0329 0.0001 0.0021 0.0447 0.0978 0.0001 0.0004 0.0000 0.0075 0.0000 0.0000 0.0002 0.0107 0.0304 0.0040 0.0000 0.0002 0.0000 0.0000
0.0004 0.0103 0.0419 0.0041 0.0194 0.1010 0.0141 0.0145 0.0596 0.0094 0.0209 0.0042 0.0088 0.0101 0.0049 0.0025 0.0024 0.0044 0.0175 0.0770 0.0033 0.0116 0.0754 0.0001 0.0102 0.0143 0.0000 0.0336 0.0654 0.0004 0.0098 0.0018 0.0530 0.0742 0.0100 0.0919 0.0109 0.0350 0.0146 0.0014 0.0000 0.0001 0.0116 0.0001 0.0026 0.0158 0.0057 0.0886 0.0220 0.0008 0.0098 0.0000 0.0030 0.0002 0.0101 0.0000 0.0000 0.0000 0.0093 0.0160 0.0090 0.0006 0.0372 0.0001 0.0001 0.0005 0.1034 0.0074 0.0191 0.0000 0.0012 0.0001 0.0026 0.0159 0.0014 0.0113 0.0013 0.0165 0.0043 0.0000
0.0000 0.0030 0.0034 0.0000 0.0012 0.0390 0.0052 0.0005 0.0427 0.0442 0.0038 0.0009 0.0805 0.0000 0.0002 0.0175 0.0073 0.0160 0.0062 0.0177 0.0000 0.0300 0.0041 0.0000 0.0071 0.0154 0.0336 0.0000 0.0621 0.0002 0.0233 0.0365 0.0380 0.0071 0.0053 0.0219 0.0003 0.0007 0.0005 0.0001 0.0000 0.0009 0.0000 0.0000 0.0000 0.0004 0.0000 0.0019 0.0000 0.0000 0.0000 0.0000 0.0000 0.0000 0.0004 0.0001 0.0002 0.0001 0.0000 0.0025 0.0000 0.0004 0.0022 0.0000 0.0006 0.0006 0.0052 0.0004 0.0027 0.0001 0.0000 0.0000 0.0000 0.0006 0.0011 0.0005 0.0000 0.0002 0.0000 0.0000
0.0000 0.0028 0.0000 0.0001 0.0000 0.0444 0.0104 0.0001 0.0002 0.0045 0.0000 0.0001 0.0219 0.0009 0.0002 0.0191 0.0021 0.0121 0.0000 0.0719 0.0001 0.0155 0.0018 0.0000 0.0022 0.0009 0.0654 0.0621 0.0000 0.0000 0.0021 0.0022 0.0349 0.0239 0.0143 0.0272 0.0120 0.0037 0.0008 0.0000 0.0000 0.0000 0.0001 0.0000 0.0001 0.0024 0.0005 0.0003 0.0000 0.0000 0.0000 0.0000 0.0010 0.0000 0.0115 0.0000 0.0000 0.0000 0.0000 0.0273 0.0001 0.0027 0.0096 0.0000 0.0000 0.0000 0.0236 0.0050 0.0262 0.0000 0.0000 0.0002 0.0003 0.0043 0.0008 0.0009 0.0000 0.0040 0.0003 0.0000
0.0000 0.0001 0.0000 0.0002 0.0000 0.0002 0.0003 0.0012 0.0040 0.0078 0.0007 0.0139 0.0002 0.0000 0.0000 0.0000 0.0018 0.0000 0.0008 0.0000 0.0007 0.0000 0.0015 0.0008 0.0085 0.0071 0.0004 0.0002 0.0000 0.0000 0.0000 0.0000 0.0030 0.0191 0.0594 0.0143 0.0141 0.0004 0.0000 0.0000 0.0000 0.0000 0.0000 0.0000 0.0000 0.0000 0.0000 0.0000 0.0000 0.0010 0.0000 0.0090 0.0000 0.0000 0.0000 0.0000 0.0025 0.0000 0.0000 0.0000 0.0000 0.0000 0.0000 0.0051 0.0029 0.0071 0.0000 0.0000 0.0000 0.0068 0.0000 0.0000 0.0000 0.0000 0.0519 0.0000 0.0000 0.0000 0.0000 0.0000
0.0000 0.0006 0.0014 0.0121 0.0389 0.0044 0.0233 0.0032 0.0177 0.0191 0.0151 0.0007 0.0284 0.0141 0.0000 0.0000 0.0000 0.0009 0.0067 0.0053 0.0000 0.0021 0.0010 0.0000 0.0014 0.0013 0.0098 0.0233 0.0021 0.0000 0.0000 0.0002 0.0421 0.0312 0.0048 0.0224 0.0100 0.0349 0.0291 0.0000 0.0000 0.0000 0.0000 0.0000 0.0000 0.0000 0.0000 0.0001 0.0000 0.0000 0.0000 0.0000 0.0000 0.0000 0.0000 0.0000 0.0000 0.0000 0.0000 0.0000 0.0000 0.0000 0.0000 0.0000 0.0000 0.0000 0.0018 0.0000 0.0000 0.0000 0.0000 0.0000 0.0000 0.0004 0.0001 0.0004 0.0000 0.0005 0.0000 0.0000
0.0000 0.0000 0.0000 0.0000 0.0000 0.0004 0.0000 0.0000 0.0000 0.0001 0.0000 0.0000 0.0001 0.0000 0.0000 0.0001 0.0000 0.0005 0.0000 0.0037 0.0000 0.0005 0.0000 0.0000 0.0000 0.0000 0.0018 0.0365 0.0022 0.0000 0.0002 0.0000 0.0211 0.0000 0.0000 0.0015 0.0000 0.0000 0.0000 0.0000 0.0000 0.0000 0.0000 0.0000 0.0000 0.0000 0.0000 0.0000 0.0000 0.0000 0.0000 0.0000 0.0000 0.0000 0.0000 0.0000 0.0000 0.0000 0.0000 0.0000 0.0000 0.0000 0.0000 0.0000 0.0000 0.0000 0.0000 0.0000 0.0000 0.0000 0.0000 0.0000 0.0000 0.0000 0.0000 0.0000 0.0000 0.0000 0.0000 0.0000
0.0004 0.0030 0.0029 0.0065 0.0023 0.0105 0.0053 0.0003 0.0351 0.0896 0.0086 0.0378 0.0086 0.0001 0.0033 0.0277 0.0137 0.0411 0.0072 0.0448 0.0001 0.0274 0.0024 0.0007 0.0111 0.0385 0.0530 0.0380 0.0349 0.0030 0.0421 0.0211 0.0000 0.0084 0.0111 0.1351 0.0088 0.0045 0.0128 0.0096 0.0001 0.0008 0.0000 0.0000 0.0000 0.0004 0.0001 0.0015 0.0000 0.0004 0.0000 0.0000 0.0000 0.0000 0.0003 0.0002 0.0000 0.0001 0.0000 0.0002 0.0000 0.0010 0.0012 0.0000 0.0005 0.0012 0.0037 0.0001 0.0002 0.0000 0.0000 0.0000 0.0001 0.0004 0.0002 0.0008 0.0001 0.0007 0.0000 0.0000
0.0002 0.0098 0.0052 0.0119 0.0208 0.0130 0.0260 0.0011 0.0324 0.0360 0.0076 0.0187 0.0126 0.0070 0.0326 0.0038 0.0575 0.0534 0.0069 0.1002 0.0001 0.1161 0.0080 0.0014 0.0610 0.1348 0.0742 0.0071 0.0239 0.0191 0.0312 0.0000 0.0084 0.0000 0.1875 0.2070 0.0268 0.1599 0.0586 0.0162 0.0006 0.0011 0.0023 0.0001 0.0011 0.0026 0.0011 0.0028 0.0040 0.0025 0.0018 0.0037 0.0004 0.0000 0.0064 0.0001 0.0040 0.0006 0.0022 0.0074 0.0001 0.0123 0.0041 0.0005 0.0051 0.0071 0.0143 0.0003 0.0047 0.0020 0.0006 0.0000 0.0003 0.0268 0.0103 0.0074 0.0020 0.0135 0.0047 0.0010
0.0008 0.0984 0.0002 0.0008 0.0063 0.0040 0.0069 0.0004 0.0128 0.0462 0.0032 0.0592 0.0024 0.0009 0.0133 0.0599 0.0697 0.0576 0.0026 0.0615 0.0002 0.1188 0.0014 0.0037 0.0816 0.0436 0.0100 0.0053 0.0143 0.0594 0.0048 0.0000 0.0111 0.1875 0.0000 0.0488 0.0288 0.0462 0.0040 0.0315 0.0000 0.0561 0.0000 0.0000 0.0000 0.0000 0.0000 0.0000 0.0000 0.0502 0.0000 0.0683 0.0000 0.0000 0.0282 0.0231 0.0397 0.0453 0.0000 0.0064 0.0001 0.0312 0.0004 0.0023 0.0724 0.0402 0.0009 0.0010 0.0014 0.1107 0.0000 0.0000 0.0004 0.0012 0.0968 0.0014 0.0000 0.0002 0.0000 0.0076
0.0003 0.0089 0.0084 0.0030 0.0076 0.0298 0.0082 0.0012 0.0863 0.0343 0.0154 0.0408 0.0082 0.0051 0.0125 0.0031 0.0188 0.0270 0.0177 0.0984 0.0004 0.0546 0.0075 0.0024 0.0242 0.0533 0.0919 0.0219 0.0272 0.0143 0.0224 0.0015 0.1351 0.2070 0.0488 0.0000 0.3150 0.1118 0.0272 0.0292 0.0004 0.0012 0.0009 0.0000 0.0012 0.0020 0.0023 0.0057 0.0027 0.0022 0.0012 0.0030 0.0007 0.0001 0.0005 0.0008 0.0000 0.0010 0.0011 0.0001 0.0000 0.0010 0.0049 0.0005 0.0015 0.0027 0.0106 0.0003 0.0004 0.0001 0.0007 0.0000 0.0020 0.0050 0.0011 0.0135 0.0089 0.0083 0.0025 0.0000
0.0000 0.0082 0.0000 0.0000 0.0004 0.0038 0.0024 0.0000 0.0043 0.0274 0.0004 0.0056 0.0004 0.0005 0.0022 0.0016 0.0169 0.0209 0.0000 0.0625 0.0000 0.0494 0.0001 0.0000 0.0149 0.0425 0.0109 0.0003 0.0120 0.0141 0.0100 0.0000 0.0088 0.0268 0.0288 0.3150 0.0000 0.0617 0.0064 0.0000 0.0000 0.0000 0.0000 0.0000 0.0001 0.0001 0.0005 0.0000 0.0006 0.0001 0.0000 0.0001 0.0000 0.0000 0.0000 0.0000 0.0000 0.0000 0.0003 0.0000 0.0000 0.0001 0.0000 0.0002 0.0000 0.0002 0.0005 0.0000 0.0000 0.0000 0.0000 0.0000 0.0002 0.0001 0.0000 0.0058 0.0056 0.0023 0.0000 0.0000
0.0000 0.0027 0.0103 0.0707 0.0316 0.0069 0.0172 0.0185 0.0274 0.0059 0.0220 0.0151 0.0033 0.0539 0.0130 0.0000 0.0000 0.0002 0.0181 0.0596 0.0001 0.0898 0.0058 0.0013 0.0048 0.0249 0.0350 0.0007 0.0037 0.0004 0.0349 0.0000 0.0045 0.1599 0.0462 0.1118 0.0617 0.0000 0.1058 0.0090 0.0000 0.0000 0.0199 0.0004 0.0016 0.0022 0.0006 0.0099 0.0156 0.0008 0.0114 0.0010 0.0001 0.0001 0.0006 0.0000 0.0000 0.0000 0.0172 0.0010 0.0000 0.0004 0.0065 0.0000 0.0000 0.0000 0.0233 0.0000 0.0011 0.0000 0.0000 0.0000 0.0003 0.0059 0.0000 0.0036 0.0009 0.0208 0.0009 0.0000
0.0000 0.0004 0.0012 0.0112 0.0039 0.0049 0.0015 0.0017 0.0105 0.0034 0.0021 0.0098 0.0000 0.0026 0.0002 0.0000 0.0000 0.0000 0.0037 0.0049 0.0000 0.0040 0.0005 0.0002 0.0001 0.0004 0.0146 0.0005 0.0008 0.0000 0.0291 0.0000 0.0128 0.0586 0.0040 0.0272 0.0064 0.1058 0.0000 0.0019 0.0000 0.0000 0.0002 0.0000 0.0000 0.0002 0.0002 0.0004 0.0002 0.0001 0.0000 0.0002 0.0000 0.0000 0.0000 0.0000 0.0000 0.0000 0.0000 0.0000 0.0000 0.0000 0.0002 0.0000 0.0000 0.0000 0.0022 0.0000 0.0000 0.0000 0.0000 0.0000 0.0008 0.0011 0.0000 0.0021 0.0005 0.0014 0.0000 0.0000
0.0162 0.0000 0.0000 0.0000 0.0005 0.0002 0.0005 0.0070 0.0033 0.0035 0.0006 0.0181 0.0001 0.0000 0.0000 0.0000 0.0000 0.0002 0.0000 0.0000 0.0150 0.0001 0.0041 0.0295 0.0004 0.0001 0.0014 0.0001 0.0000 0.0000 0.0000 0.0000 0.0096 0.0162 0.0315 0.0292 0.0000 0.0090 0.0019 0.0000 0.0002 0.0000 0.0000 0.0000 0.0000 0.0000 0.0000 0.0000 0.0000 0.0007 0.0000 0.0037 0.0000 0.0000 0.0000 0.0000 0.0000 0.0000 0.0000 0.0000 0.0000 0.0000 0.0000 0.0015 0.0004 0.0001 0.0002 0.0000 0.0000 0.0000 0.0000 0.0000 0.0001 0.0000 0.0079 0.0000 0.0000 0.0006 0.0000 0.0000
0.0046 0.0002 0.0000 0.0000 0.0000 0.0000 0.0000 0.0000 0.0000 0.0000 0.0000 0.0000 0.0000 0.0000 0.0000 0.0004 0.0000 0.0001 0.0000 0.0000 0.0006 0.0000 0.0000 0.0000 0.0002 0.0135 0.0000 0.0000 0.0000 0.0000 0.0000 0.0000 0.0001 0.0006 0.0000 0.0004 0.0000 0.0000 0.0000 0.0002 0.0000 0.0000 0.0060 0.0000 0.0001 0.0000 0.0000 0.0687 0.0000 0.0005 0.0053 0.0091 0.0000 0.0023 0.0032 0.0002 0.0000 0.0000 0.0001 0.0000 0.0719 0.0001 0.0464 0.0356 0.0002 0.0132 0.0008 0.0000 0.0000 0.0000 0.0000 0.0000 0.0001 0.0011 0.0000 0.0001 0.0000 0.0000 0.0000 0.0029
0.0000 0.1203 0.0000 0.0000 0.0000 0.0000 0.0000 0.0000 0.0000 0.0000 0.0000 0.0000 0.0000 0.0000 0.0003 0.0243 0.0000 0.0010 0.0000 0.0009 0.0001 0.0414 0.0000 0.0000 0.0163 0.0455 0.0001 0.0009 0.0000 0.0000 0.0000 0.0000 0.0008 0.0011 0.0561 0.0012 0.0000 0.0000 0.0000 0.0000 0.0000 0.0000 0.0000 0.0000 0.0043 0.0368 0.0190 0.0000 0.0049 0.0000 0.0000 0.0000 0.0089 0.0000 0.0001 0.0388 0.0002 0.0011 0.0000 0.0050 0.0000 0.0546 0.0002 0.0000 0.0485 0.0186 0.0154 0.0023 0.0005 0.0003 0.0004 0.0000 0.0013 0.0149 0.0634 0.0095 0.0033 0.0001 0.0000 0.0000
0.0000 0.0000 0.0029 0.0000 0.0005 0.0002 0.0002 0.0159 0.0067 0.0000 0.0016 0.0000 0.0000 0.0000 0.0000 0.0000 0.0000 0.0000 0.0017 0.0000 0.0000 0.0000 0.0008 0.0000 0.0000 0.0000 0.0116 0.0000 0.0001 0.0000 0.0000 0.0000 0.0000 0.0023 0.0000 0.0009 0.0000 0.0199 0.0002 0.0000 0.0060 0.0000 0.0000 0.0016 0.0024 0.0002 0.0014 0.0387 0.0273 0.0017 0.0541 0.0018 0.0019 0.0103 0.0000 0.0000 0.0010 0.0006 0.1134 0.0000 0.0027 0.0000 0.0513 0.0033 0.0005 0.0026 0.0537 0.0110 0.0000 0.0002 0.0033 0.0000 0.0049 0.0074 0.0016 0.0181 0.0006 0.0107 0.0071 0.0000
0.0000 0.0000 0.0000 0.0000 0.0000 0.0000 0.0000 0.0000 0.0001 0.0000 0.0000 0.0000 0.0000 0.0000 0.0000 0.0000 0.0000 0.0000 0.0000 0.0000 0.0000 0.0000 0.0000 0.0000 0.0000 0.0000 0.0001 0.0000 0.0000 0.0000 0.0000 0.0000 0.0000 0.0001 0.0000 0.0000 0.0000 0.0004 0.0000 0.0000 0.0000 0.0000 0.0016 0.0000 0.0511 0.0003 0.0026 0.0507 0.0028 0.0101 0.0153 0.0019 0.0000 0.1576 0.0000 0.0000 0.0000 0.0000 0.0013 0.0004 0.0014 0.0000 0.0093 0.0000 0.0000 0.0002 0.0037 0.0001 0.0000 0.0000 0.0130 0.0000 0.0062 0.0087 0.0005 0.0008 0.0000 0.0541 0.0147 0.0000
0.0000 0.0000 0.0001 0.0000 0.0000 0.0002 0.0002 0.0002 0.0012 0.0000 0.0000 0.0000 0.0000 0.0000 0.0000 0.0000 0.0000 0.0000 0.0000 0.0000 0.0000 0.0000 0.0004 0.0000 0.0000 0.0000 0.0026 0.0000 0.0001 0.0000 0.0000 0.0000 0.0000 0.0011 0.0000 0.0012 0.0001 0.0016 0.0000 0.0000 0.0001 0.0043 0.0024 0.0511 0.0000 0.0137 0.1501 0.0079 0.0965 0.0064 0.0550 0.0032 0.0089 0.0498 0.0000 0.0002 0.0010 0.0002 0.0062 0.0002 0.0000 0.0002 0.0030 0.0002 0.0051 0.0021 0.0267 0.0024 0.0000 0.0008 0.0415 0.0000 0.0030 0.0137 0.0067 0.0117 0.0017 0.0344 0.0154 0.0007
0.0000 0.0001 0.0004 0.0000 0.0010 0.0035 0.0016 0.0013 0.0044 0.0002 0.0000 0.0001 0.0004 0.0000 0.0000 0.0000 0.0000 0.0000 0.0000 0.0001 0.0000 0.0002 0.0040 0.0000 0.0000 0.0000 0.0158 0.0004 0.0024 0.0000 0.0000 0.0000 0.0004 0.0026 0.0000 0.0020 0.0001 0.0022 0.0002 0.0000 0.0000 0.0368 0.0002 0.0003 0.0137 0.0000 0.0552 0.0011 0.0349 0.0050 0.0001 0.0005 0.0766 0.0012 0.0004 0.0109 0.0069 0.0115 0.0000 0.0063 0.0000 0.0088 0.0043 0.0000 0.0223 0.0070 0.0966 0.0355 0.0564 0.0011 0.0031 0.0001 0.0069 0.0112 0.0033 0.0279 0.0034 0.0041 0.0051 0.0002
0.0000 0.0000 0.0000 0.0000 0.0000 0.0004 0.0005 0.0001 0.0011 0.0000 0.0000 0.0000 0.0001 0.0000 0.0000 0.0000 0.0000 0.0000 0.0000 0.0001 0.0000 0.0000 0.0010 0.0000 0.0000 0.0000 0.0057 0.0000 0.0005 0.0000 0.0000 0.0000 0.0001 0.0011 0.0000 0.0023 0.0005 0.0006 0.0002 0.0000 0.0000 0.0190 0.0014 0.0026 0.1501 0.0552 0.0000 0.0023 0.0648 0.0101 0.0219 0.0049 0.0881 0.0104 0.0000 0.0024 0.0028 0.0027 0.0078 0.0004 0.0000 0.0016 0.0023 0.0002 0.0171 0.0031 0.0129 0.0028 0.0023 0.0018 0.0258 0.0000 0.0021 0.0225 0.0080 0.0128 0.0038 0.0281 0.0063 0.0015
0.0000 0.0000 0.0243 0.0000 0.0006 0.0040 0.0009 0.0579 0.0255 0.0001 0.0052 0.0000 0.0002 0.0004 0.0023 0.0000 0.0000 0.0000 0.0170 0.0019 0.0001 0.0004 0.0295 0.0000 0.0000 0.0000 0.0886 0.0019 0.0003 0.0000 0.0001 0.0000 0.0015 0.0028 0.0000 0.0057 0.0000 0.0099 0.0004 0.0000 0.0687 0.0000 0.0387 0.0507 0.0079 0.0011 0.0023 0.0000 0.0088 0.0009 0.0272 0.0225 0.0005 0.0438 0.0035 0.0000 0.0000 0.0000 0.0304 0.0002 0.0462 0.0000 0.0581 0.0584 0.0002 0.0057 0.0335 0.0026 0.0007 0.0002 0.0064 0.0000 0.0008 0.0061 0.0010 0.0040 0.0000 0.0216 0.0041 0.0003
0.0000 0.0000 0.0028 0.0001 0.0013 0.0021 0.0007 0.0117 0.0210 0.0000 0.0032 0.0000 0.0000 0.0000 0.0000 0.0000 0.0000 0.0000 0.0023 0.0000 0.0000 0.0000 0.0047 0.0000 0.0000 0.0000 0.0220 0.0000 0.0000 0.0000 0.0000 0.0000 0.0000 0.0040 0.0000 0.0027 0.0006 0.0156 0.0002 0.0000 0.0000 0.0049 0.0273 0.0028 0.0965 0.0349 0.0648 0.0088 0.0000 0.0138 0.0412 0.0044 0.0402 0.0086 0.0000 0.0005 0.0074 0.0058 0.0665 0.0002 0.0000 0.0005 0.0078 0.0001 0.0112 0.0096 0.0673 0.0386 0.0001 0.0041 0.0145 0.0000 0.0165 0.0186 0.0139 0.0876 0.0062 0.0191 0.0151 0.0028
0.0000 0.0000 0.0000 0.0001 0.0000 0.0000 0.0000 0.0000 0.0000 0.0030 0.0000 0.0005 0.0000 0.0000 0.0000 0.0001 0.0009 0.0007 0.0000 0.0000 0.0000 0.0000 0.0001 0.0007 0.0048 0.0016 0.0008 0.0000 0.0000 0.0010 0.0000 0.0000 0.0004 0.0025 0.0502 0.0022 0.0001 0.0008 0.0001 0.0007 0.0005 0.0000 0.0017 0.0101 0.0064 0.0050 0.0101 0.0009 0.0138 0.0000 0.0087 0.0386 0.0121 0.0004 0.0000 0.0043 0.0679 0.0154 0.0054 0.0041 0.0006 0.0011 0.0010 0.0024 0.0139 0.0028 0.0060 0.0310 0.0045 0.0126 0.0126 0.0000 0.0645 0.0170 0.0223 0.0306 0.0121 0.0118 0.0112 0.0053
0.0000 0.0000 0.0011 0.0001 0.0003 0.0003 0.0000 0.0051 0.0055 0.0000 0.0007 0.0000 0.0000 0.0000 0.0000 0.0000 0.0000 0.0000 0.0007 0.0000 0.0000 0.0000 0.0039 0.0000 0.0000 0.0000 0.0098 0.0000 0.0000 0.0000 0.0000 0.0000 0.0000 0.0018 0.0000 0.0012 0.0000 0.0114 0.0000 0.0000 0.0053 0.0000 0.0541 0.0153 0.0550 0.0001 0.0219 0.0272 0.0412 0.0087 0.0000 0.0050 0.0093 0.0562 0.0000 0.0000 0.0043 0.0014 0.1025 0.0000 0.0027 0.0000 0.0414 0.0032 0.0051 0.0045 0.0327 0.0063 0.0000 0.0031 0.0136 0.0000 0.0084 0.0035 0.0105 0.0347 0.0009 0.0297 0.0080 0.0020
0.0000 0.0000 0.0000 0.0000 0.0000 0.0000 0.0000 0.0000 0.0000 0.0025 0.0000 0.0052 0.0000 0.0000 0.0000 0.0000 0.0007 0.0002 0.0000 0.0000 0.0001 0.0000 0.0001 0.0065 0.0062 0.0059 0.0000 0.0000 0.0000 0.0090 0.0000 0.0000 0.0000 0.0037 0.0683 0.0030 0.0001 0.0010 0.0002 0.0037 0.0091 0.0000 0.0018 0.0019 0.0032 0.0005 0.0049 0.0225 0.0044 0.0386 0.0050 0.0000 0.0037 0.0000 0.0028 0.0000 0.0002 0.0000 0.0015 0.0000 0.0211 0.0000 0.0189 0.0242 0.0006 0.0363 0.0029 0.0023 0.0000 0.0305 0.0017 0.0000 0.0360 0.0174 0.0680 0.0229 0.0085 0.0123 0.0034 0.0418
0.0000 0.0000 0.0000 0.0000 0.0000 0.0001 0.0001 0.0000 0.0000 0.0000 0.0000 0.0000 0.0000 0.0000 0.0000 0.0000 0.0000 0.0000 0.0000 0.0003 0.0000 0.0000 0.0003 0.0000 0.0000 0.0000 0.0030 0.0000 0.0010 0.0000 0.0000 0.0000 0.0000 0.0004 0.0000 0.0007 0.0000 0.0001 0.0000 0.0000 0.0000 0.0089 0.0019 0.0000 0.0089 0.0766 0.0881 0.0005 0.0402 0.0121 0.0093 0.0037 0.0000 0.0014 0.0000 0.0027 0.0037 0.0052 0.0077 0.0007 0.0000 0.0012 0.0012 0.0000 0.0154 0.0022 0.0077 0.0716 0.0119 0.0015 0.0227 0.0000 0.0045 0.0148 0.0037 0.0170 0.0010 0.0137 0.0024 0.0006
0.0000 0.0000 0.0002 0.0000 0.0000 0.0000 0.0000 0.0003 0.0002 0.0000 0.0000 0.0000 0.0000 0.0000 0.0000 0.0000 0.0000 0.0000 0.0000 0.0000 0.0000 0.0000 0.0000 0.0000 0.0000 0.0000 0.0002 0.0000 0.0000 0.0000 0.0000 0.0000 0.0000 0.0000 0.0000 0.0001 0.0000 0.0001 0.0000 0.0000 0.0023 0.0000 0.0103 0.1576 0.0498 0.0012 0.0104 0.0438 0.0086 0.0004 0.0562 0.0000 0.0014 0.0000 0.0000 0.0000 0.0000 0.0000 0.0056 0.0001 0.0012 0.0000 0.0189 0.0000 0.0000 0.0012 0.0077 0.0000 0.0000 0.0000 0.0216 0.0000 0.0002 0.0020 0.0004 0.0004 0.0000 0.0365 0.0064 0.0000
0.0000 0.0000 0.0000 0.0000 0.0000 0.0000 0.0000 0.0035 0.0000 0.0000 0.0000 0.0000 0.0000 0.0000 0.0539 0.0000 0.0000 0.0000 0.0000 0.0490 0.0216 0.0796 0.0054 0.0000 0.0000 0.0121 0.0101 0.0004 0.0115 0.0000 0.0000 0.0000 0.0003 0.0064 0.0282 0.0005 0.0000 0.0006 0.0000 0.0000 0.0032 0.0001 0.0000 0.0000 0.0000 0.0004 0.0000 0.0035 0.0000 0.0000 0.0000 0.0028 0.0000 0.0000 0.0000 0.0001 0.0000 0.0001 0.0000 0.0184 0.0618 0.0281 0.0349 0.0012 0.0006 0.0339 0.0160 0.0005 0.0010 0.0002 0.0000 0.0000 0.0029 0.0610 0.0380 0.0198 0.0042 0.0164 0.0003 0.0000
0.0000 0.0291 0.0000 0.0000 0.0000 0.0000 0.0000 0.0000 0.0000 0.0000 0.0000 0.0000 0.0000 0.0000 0.0000 0.0157 0.0000 0.0025 0.0000 0.0000 0.0000 0.0026 0.0000 0.0000 0.0117 0.0069 0.0000 0.0001 0.0000 0.0000 0.0000 0.0000 0.0002 0.0001 0.0231 0.0008 0.0000 0.0000 0.0000 0.0000 0.0002 0.0388 0.0000 0.0000 0.0002 0.0109 0.0024 0.0000 0.0005 0.0043 0.0000 0.0000 0.0027 0.0000 0.0001 0.0000 0.0056 0.0692 0.0000 0.0063 0.0000 0.0461 0.0001 0.0000 0.0135 0.0560 0.0053 0.0107 0.0103 0.0000 0.0000 0.0006 0.0288 0.0049 0.0620 0.0082 0.0003 0.0000 0.0000 0.0000
0.0000 0.0002 0.0000 0.0000 0.0000 0.0000 0.0000 0.0000 0.0000 0.0011 0.0000 0.0001 0.0000 0.0000 0.0000 0.0006 0.0163 0.0128 0.0000 0.0000 0.0000 0.0000 0.0000 0.0000 0.0180 0.0064 0.0000 0.0002 0.0000 0.0025 0.0000 0.0000 0.0000 0.0040 0.0397 0.0000 0.0000 0.0000 0.0000 0.0000 0.0000 0.0002 0.0010 0.0000 0.0010 0.0069 0.0028 0.0000 0.0074 0.0679 0.0043 0.0002 0.0037 0.0000 0.0000 0.0056 0.0000 0.0341 0.0036 0.0020 0.0000 0.0015 0.0001 0.0000 0.0171 0.0038 0.0045 0.0055 0.0041 0.0017 0.0000 0.0000 0.0130 0.0722 0.0830 0.0333 0.0166 0.0038 0.0004 0.0000
0.0000 0.0043 0.0000 0.0000 0.0000 0.0000 0.0000 0.0000 0.0000 0.0000 0.0000 0.0000 0.0000 0.0000 0.0000 0.0122 0.0028 0.0163 0.0000 0.0000 0.0000 0.0000 0.0000 0.0000 0.0222 0.0075 0.0000 0.0001 0.0000 0.0000 0.0000 0.0000 0.0001 0.0006 0.0453 0.0010 0.0000 0.0000 0.0000 0.0000 0.0000 0.0011 0.0006 0.0000 0.0002 0.0115 0.0027 0.0000 0.0058 0.0154 0.0014 0.0000 0.0052 0.0000 0.0001 0.0692 0.0341 0.0000 0.0018 0.0069 0.0000 0.0069 0.0003 0.0000 0.0203 0.0128 0.0062 0.0060 0.0105 0.0000 0.0000 0.0000 0.0248 0.0425 0.0598 0.0354 0.0106 0.0015 0.0000 0.0002
0.0000 0.0000 0.0017 0.0000 0.0003 0.0002 0.0001 0.0160 0.0056 0.0000 0.0013 0.0000 0.0000 0.0000 0.0000 0.0000 0.0000 0.0000 0.0008 0.0000 0.0000 0.0000 0.0012 0.0000 0.0000 0.0000 0.0093 0.0000 0.0000 0.0000 0.0000 0.0000 0.0000 0.0022 0.0000 0.0011 0.0003 0.0172 0.0000 0.0000 0.0001 0.0000 0.1134 0.0013 0.0062 0.0000 0.0078 0.0304 0.0665 0.0054 0.1025 0.0015 0.0077 0.0056 0.0000 0.0000 0.0036 0.0018 0.0000 0.0000 0.0000 0.0000 0.0168 0.0000 0.0031 0.0023 0.0223 0.0133 0.0000 0.0029 0.0103 0.0000 0.0084 0.0059 0.0085 0.0425 0.0019 0.0237 0.0144 0.0017
0.0000 0.0001 0.0000 0.0000 0.0000 0.0000 0.0002 0.0005 0.0000 0.0000 0.0000 0.0000 0.0001 0.0000 0.0330 0.0000 0.0000 0.0001 0.0000 0.0764 0.0007 0.0285 0.0109 0.0000 0.0000 0.0007 0.0160 0.0025 0.0273 0.0000 0.0000 0.0000 0.0002 0.0074 0.0064 0.0001 0.0000 0.0010 0.0000 0.0000 0.0000 0.0050 0.0000 0.0004 0.0002 0.0063 0.0004 0.0002 0.0002 0.0041 0.0000 0.0000 0.0007 0.0001 0.0184 0.0063 0.0020 0.0069 0.0000 0.0000 0.0013 0.1076 0.0058 0.0000 0.0019 0.0042 0.0444 0.0292 0.0835 0.0000 0.0055 0.0055 0.0417 0.1179 0.0446 0.1285 0.0359 0.0430 0.0035 0.0000
0.0000 0.0001 0.0000 0.0000 0.0000 0.0000 0.0000 0.0007 0.0000 0.0000 0.0000 0.0000 0.0000 0.0000 0.0596 0.0000 0.0000 0.0000 0.0000 0.0017 0.0065 0.0044 0.0071 0.0000 0.0000 0.0082 0.0090 0.0000 0.0001 0.0000 0.0000 0.0000 0.0000 0.0001 0.0001 0.0000 0.0000 0.0000 0.0000 0.0000 0.0719 0.0000 0.0027 0.0014 0.0000 0.0000 0.0000 0.0462 0.0000 0.0006 0.0027 0.0211 0.0000 0.0012 0.0618 0.0000 0.0000 0.0000 0.0000 0.0013 0.0000 0.0016 0.0593 0.0618 0.0002 0.0183 0.0050 0.0004 0.0002 0.0008 0.0002 0.0000 0.0000 0.0005 0.0005 0.0002 0.0000 0.0001 0.0000 0.0004
0.0000 0.0165 0.0000 0.0000 0.0000 0.0003 0.0000 0.0000 0.0000 0.0000 0.0000 0.0000 0.0000 0.0000 0.0611 0.0009 0.0000 0.0000 0.0000 0.0430 0.0024 0.1953 0.0008 0.0000 0.0004 0.0329 0.0006 0.0004 0.0027 0.0000 0.0000 0.0000 0.0010 0.0123 0.0312 0.0010 0.0001 0.0004 0.0000 0.0000 0.0001 0.0546 0.0000 0.0000 0.0002 0.0088 0.0016 0.0000 0.0005 0.0011 0.0000 0.0000 0.0012 0.0000 0.0281 0.0461 0.0015 0.0069 0.0000 0.1076 0.0016 0.0000 0.0008 0.0000 0.0151 0.0352 0.0108 0.0248 0.0134 0.0001 0.0017 0.0004 0.0175 0.1828 0.0592 0.0572 0.0279 0.0513 0.0012 0.0000
0.0000 0.0000 0.0016 0.0000 0.0020 0.0046 0.0033 0.0225 0.0152 0.0002 0.0056 0.0001 0.0009 0.0002 0.0030 0.0000 0.0000 0.0000 0.0023 0.0165 0.0021 0.0015 0.0185 0.0000 0.0000 0.0001 0.0372 0.0022 0.0096 0.0000 0.0000 0.0000 0.0012 0.0041 0.0004 0.0049 0.0000 0.0065 0.0002 0.0000 0.0464 0.0002 0.0513 0.0093 0.0030 0.0043 0.0023 0.0581 0.0078 0.0010 0.0414 0.0189 0.0012 0.0189 0.0349 0.0001 0.0001 0.0003 0.0168 0.0058 0.0593 0.0008 0.0000 0.0341 0.0022 0.0288 0.1218 0.0052 0.0022 0.0013 0.0018 0.0000 0.0027 0.0135 0.0062 0.0092 0.0010 0.0074 0.0014 0.0009
0.0000 0.0000 0.0000 0.0000 0.0000 0.0000 0.0000 0.0000 0.0000 0.0044 0.0000 0.0069 0.0000 0.0000 0.0000 0.0000 0.0000 0.0000 0.0000 0.0000 0.0005 0.0000 0.0000 0.0040 0.0004 0.0021 0.0001 0.0000 0.0000 0.0051 0.0000 0.0000 0.0000 0.0005 0.0023 0.0005 0.0002 0.0000 0.0000 0.0015 0.0356 0.0000 0.0033 0.0000 0.0002 0.0000 0.0002 0.0584 0.0001 0.0024 0.0032 0.0242 0.0000 0.0000 0.0012 0.0000 0.0000 0.0000 0.0000 0.0000 0.0618 0.0000 0.0341 0.0000 0.0000 0.0085 0.0004 0.0000 0.0000 0.0036 0.0000 0.0000 0.0044 0.0017 0.0001 0.0010 0.0002 0.0021 0.0009 0.0149
0.0001 0.0261 0.0000 0.0000 0.0000 0.0001 0.0000 0.0000 0.0001 0.0061 0.0000 0.0020 0.0000 0.0000 0.0000 0.0228 0.0109 0.0198 0.0000 0.0000 0.0000 0.0013 0.0000 0.0000 0.0879 0.0447 0.0001 0.0006 0.0000 0.0029 0.0000 0.0000 0.0005 0.0051 0.0724 0.0015 0.0000 0.0000 0.0000 0.0004 0.0002 0.0485 0.0005 0.0000 0.0051 0.0223 0.0171 0.0002 0.0112 0.0139 0.0051 0.0006 0.0154 0.0000 0.0006 0.0135 0.0171 0.0203 0.0031 0.0019 0.0002 0.0151 0.0022 0.0000 0.0000 0.0346 0.0087 0.0028 0.0024 0.0064 0.0005 0.0000 0.0034 0.0611 0.0756 0.0283 0.0104 0.0081 0.0006 0.0007
0.0042 0.0506 0.0000 0.0000 0.0000 0.0002 0.0000 0.0000 0.0002 0.0054 0.0000 0.0035 0.0000 0.0000 0.0097 0.0090 0.0053 0.0082 0.0000 0.0037 0.0039 0.0498 0.0001 0.0017 0.0517 0.0978 0.0005 0.0006 0.0000 0.0071 0.0000 0.0000 0.0012 0.0071 0.0402 0.0027 0.0002 0.0000 0.0000 0.0001 0.0132 0.0186 0.0026 0.0002 0.0021 0.0070 0.0031 0.0057 0.0096 0.0028 0.0045 0.0363 0.0022 0.0012 0.0339 0.0560 0.0038 0.0128 0.0023 0.0042 0.0183 0.0352 0.0288 0.0085 0.0346 0.0000 0.0142 0.0071 0.0007 0.0095 0.0008 0.0000 0.0126 0.1815 0.0350 0.0629 0.0189 0.0110 0.0004 0.0003
0.0000 0.0001 0.0114 0.0001 0.0062 0.0147 0.0090 0.0526 0.0382 0.0020 0.0074 0.0007 0.0035 0.0003 0.0031 0.0000 0.0001 0.0001 0.0051 0.0138 0.0023 0.0004 0.0302 0.0000 0.0003 0.0001 0.1034 0.0052 0.0236 0.0000 0.0018 0.0000 0.0037 0.0143 0.0009 0.0106 0.0005 0.0233 0.0022 0.0002 0.0008 0.0154 0.0537 0.0037 0.0267 0.0966 0.0129 0.0335 0.0673 0.0060 0.0327 0.0029 0.0077 0.0077 0.0160 0.0053 0.0045 0.0062 0.0223 0.0444 0.0050 0.0108 0.1218 0.0004 0.0087 0.0142 0.0000 0.0400 0.0434 0.0012 0.0089 0.0018 0.0322 0.0852 0.0218 0.0728 0.0142 0.0275 0.0199 0.0013
0.0000 0.0009 0.0001 0.0000 0.0000 0.0001 0.0000 0.0010 0.0000 0.0000 0.0000 0.0000 0.0000 0.0000 0.0002 0.0000 0.0000 0.0000 0.0000 0.0031 0.0000 0.0007 0.0014 0.0000 0.0003 0.0004 0.0074 0.0004 0.0050 0.0000 0.0000 0.0000 0.0001 0.0003 0.0010 0.0003 0.0000 0.0000 0.0000 0.0000 0.0000 0.0023 0.0110 0.0001 0.0024 0.0355 0.0028 0.0026 0.0386 0.0310 0.0063 0.0023 0.0716 0.0000 0.0005 0.0107 0.0055 0.0060 0.0133 0.0292 0.0004 0.0248 0.0052 0.0000 0.0028 0.0071 0.0400 0.0000 0.0442 0.0008 0.0247 0.0428 0.0290 0.0072 0.0053 0.0362 0.0002 0.0030 0.0013 0.0002
0.0000 0.0000 0.0000 0.0000 0.0002 0.0002 0.0003 0.0002 0.0000 0.0000 0.0000 0.0000 0.0003 0.0000 0.0062 0.0000 0.0000 0.0000 0.0000 0.0247 0.0000 0.0018 0.0047 0.0000 0.0000 0.0000 0.0191 0.0027 0.0262 0.0000 0.0000 0.0000 0.0002 0.0047 0.0014 0.0004 0.0000 0.0011 0.0000 0.0000 0.0000 0.0005 0.0000 0.0000 0.0000 0.0564 0.0023 0.0007 0.0001 0.0045 0.0000 0.0000 0.0119 0.0000 0.0010 0.0103 0.0041 0.0105 0.0000 0.0835 0.0002 0.0134 0.0022 0.0000 0.0024 0.0007 0.0434 0.0442 0.0000 0.0000 0.0006 0.0043 0.0246 0.0100 0.0079 0.0294 0.0035 0.0018 0.0002 0.0000
0.0000 0.0000 0.0000 0.0000 0.0000 0.0000 0.0000 0.0000 0.0000 0.0046 0.0000 0.0082 0.0000 0.0000 0.0000 0.0001 0.0042 0.0018 0.0000 0.0000 0.0000 0.0000 0.0000 0.0038 0.0066 0.0075 0.0000 0.0001 0.0000 0.0068 0.0000 0.0000 0.0000 0.0020 0.1107 0.0001 0.0000 0.0000 0.0000 0.0000 0.0000 0.0003 0.0002 0.0000 0.0008 0.0011 0.0018 0.0002 0.0041 0.0126 0.0031 0.0305 0.0015 0.0000 0.0002 0.0000 0.0017 0.0000 0.0029 0.0000 0.0008 0.0001 0.0013 0.0036 0.0064 0.0095 0.0012 0.0008 0.0000 0.0000 0.0000 0.0000 0.0055 0.0310 0.0768 0.0283 0.0252 0.0069 0.0025 0.0000
0.0000 0.0000 0.0000 0.0000 0.0000 0.0002 0.0000 0.0000 0.0000 0.0000 0.0000 0.0000 0.0000 0.0000 0.0000 0.0000 0.0000 0.0000 0.0000 0.0000 0.0000 0.0000 0.0001 0.0000 0.0000 0.0000 0.0012 0.0000 0.0000 0.0000 0.0000 0.0000 0.0000 0.0006 0.0000 0.0007 0.0000 0.0000 0.0000 0.0000 0.0000 0.0004 0.0033 0.0130 0.0415 0.0031 0.0258 0.0064 0.0145 0.0126 0.0136 0.0017 0.0227 0.0216 0.0000 0.0000 0.0000 0.0000 0.0103 0.0055 0.0002 0.0017 0.0018 0.0000 0.0005 0.0008 0.0089 0.0247 0.0006 0.0000 0.0000 0.0000 0.0431 0.0225 0.0090 0.0338 0.0084 0.0421 0.0446 0.0006
