0	1.88271734059837	2.63437443503481	1.86442685462628	2.47103226012501	0	2.01873850200047	0	2.17980720190465	0	2.73007110332588	0	2.81136685038273	0	1.56317213340825	0	1.63228651817839	0	1.87122507179601	1.73437151322792	0	0	1.72268491800701	0	0	0	2.55675000462184	0	2.32642763262735	0	0	0	0	0	0	0	3.12142527636958	2.77091514657796	2.85046561242123	0	0	0	0	0	0	0	0	0	0	0	2.81138843786126	0	0	0	0	0	2.60187539396004	0	2.05586139626426	0	2.64129838162035	0	2.26078095030694	0	2.50264518401445	0	2.87648458359188	0	1.94923532390564	1.47155877137671	1.80056137572502	0	2.14992344880482	2.47802245313953	3.09048421952540	0	2.17836769271810	2.44655320583245	0	0	3.25582424807791	0	1.96685643097904	0	2.72453596611760	0	0	0	2.42516126494216	0	2.27215163049375	0	2.14040133681501	0	2.64052866926834	0	2.37709875070332	0	2.50852920861480	0	2.05320656832116	0	2.21031418568646	0	2.74137922154529	0	0	0	0	0	2.60500006121755	0	2.35603430397075	0	0	0
1.88271734059837	0	0	1.59201498503317	0	2.54857411587714	0	0.779558220090748	0	2.15749257987650	0	1.51096268619266	0	1.89346535061362	0	2.08017519990431	0	0.579803700571426	1.86165625139636	1.26519829388718	0	0	0	2.43105147586184	0	0	0	0	0	0.943559320745370	0	0	0	-0.141306938941023	0	0	1.93600378509440	2.35049823487338	0	0	0	0	0	0	0	0	0	2.22116362032559	0	1.97817271483041	0	2.57481104153932	0	0	0	0	0	3.13986625117769	0	2.69078949609748	0	2.78863883246378	0	2.34546045700685	0	2.71021392417533	2.15602280177017	0	1.94643536251144	-0.379482328543384	1.80372484853757	0.872591812975875	2.11287013534891	1.32208425299688	0	1.64260100248598	1.93660496485045	1.71125383811972	0	0	0	1.80912123278419	0	0	0	2.91133710887123	0	0	0	3.02023785506667	0	2.46797754677615	0	2.42035649939619	0	2.70019602126763	0	2.92305791671794	0	2.71959130487758	0	2.38876065361468	0	2.59759456808581	0	2.85744972468995	0	0	0	1.72297416223413	0	2.77230850034350	0	2.29729658822193	0	2.51460169325605
2.63437443503481	0	0	2.09738237554312	1.19177503433640	1.87587141419186	1.84285466546872	1.67964896627671	1.21948565374881	0	0.981096583673767	2.12300996400102	2.76798643208514	2.20727715830632	1.17721739496211	1.69314623377270	1.62983776419326	0	0.737266764578737	1.48551492335116	2.05061765596547	1.40545082112598	1.52453851782247	2.27551114136892	0.744820756491457	1.97273261610157	0	0	1.21679851849801	0	1.68560392662380	2.23606606654303	1.71228740189289	1.42934269209306	0	1.55273396359239	1.78242910631598	1.63959168096209	1.85722619786498	0	0	0	2.07222563473956	0	2.05527248562323	0	2.30080798597184	1.82198297116839	1.58401143466738	0	1.51298158409514	0	1.57742466507994	0	1.44226405815757	0	2.44775084935778	0	1.84323514221787	0	1.81219651929392	0	0	0	1.45961025396179	0	2.30243808657580	2.04746035034102	1.44885452215572	0	1.78741217786315	1.39071332473714	1.04287671117258	2.40954060367826	2.38648953351202	0	1.74875283060798	1.82477252237764	1.04697063075891	0	1.37010957204646	0	0.850909884979834	0	1.79566868249544	0	0	0	1.67029775474827	0	1.41086894891925	0	1.47903315688627	2.43702736512675	2.33520749610841	0	1.68338082151020	0	1.49864962707488	0	1.68683191100484	0	1.39206250212161	2.45656461077724	2.16017047710160	2.41708893200070	0	0	0	0	1.94259444151467	0	1.59809880398618	0	0	0
1.86442685462628	1.59201498503317	2.09738237554312	0	2.20435627662050	2.21359737807462	2.19564061147649	2.08343202338821	2.14483529929524	0.770894609819693	1.62775571434421	1.79915730510490	2.22850818297234	2.36921619046635	2.13645010642500	1.79427388732075	0	1.26269424146759	1.45786457221819	1.37216850718693	1.57876261149552	1.72640383681085	2.33148888340335	1.87895754068526	2.17763705005412	0.748368872527870	2.03758284655093	1.94423261686298	2.20082640181654	2.89982276419532	1.90490014294048	1.38740302364673	1.14159283547578	-0.403071640780562	1.33771233765632	1.47513493056885	1.25920153550228	0.890307169090449	0	1.24922859253492	0	1.67409747542274	1.53859046712006	1.71250428277474	0	1.82806148769587	2.39526590599513	1.76140337418368	0	2.51159288067285	1.91533302150431	3.05117818637264	0	0	0	1.15367103365652	0	3.38927832222018	1.55305685186814	2.14707987994989	0	0	0	3.25651692608424	0	3.30987891426195	1.79259953959048	1.58579975748624	1.93058582784204	1.08230912150832	1.65702966576823	1.18724911419363	2.31349800048666	2.59143989281759	0	2.25710186661621	1.88849247878455	1.78622761115882	0	0	0	3.49750131427655	0	0	0	3.95171505148953	0	0	1.22721704691338	1.65916577226068	1.51950208489396	2.17145128702563	1.60210164487579	2.56381488662658	2.26336018740006	2.52961996012160	2.42653662388411	2.75524661908863	0	2.44530397596649	0	2.38843228560246	1.84927751689108	2.70993436182062	2.11078960267635	2.72872776666265	0	0	0	2.06065365663969	0	2.52472983312985	0	2.57428894410566	0	2.48669308133518
2.47103226012501	0	1.19177503433640	2.20435627662050	0	2.05778471112607	2.43375598980668	0	0.342360253277397	0	0	0	0	0	0.795871794513059	0	0	0	2.10296802684841	0	0.328329110647329	1.99561812127925	1.03876773971424	2.27064471091002	1.97990053135072	2.01382271270902	-0.0773384186669015	0	1.10095806126051	0	2.15636654214392	2.52026709613460	0	0	1.32977026909805	1.37150224919150	1.83880150050304	1.53648880017612	-0.728169163016426	0	0.923911499288412	0	1.15081123540737	1.73880072164379	1.27097328258667	1.84733472146562	1.74047277343276	1.54737937687685	1.39855078039025	1.79367527974436	1.55197162022593	0	1.83560530339575	0	1.49491380620462	1.61087567627495	2.97160755146250	0	1.83491799716050	0	2.06151128318614	0	0	0	1.81015141149053	0	2.71681522025108	1.70697317545453	2.78596283048604	0	1.85607992627171	2.38293334248517	1.74972670583428	0	2.65139588239810	0	2.52249019221738	2.08035664774054	0.945935489517751	0	1.60848792027856	0	-0.130985459557721	0	1.08159088723752	0	0.534884590886379	0	0.740145643039765	1.71830103287917	2.34017624778800	0	2.53791285175761	0	2.85994855642567	0	2.73030803120797	0	0	0	2.45749361243941	0	2.39087660653685	0	2.80634860628091	0	0	0	0	2.63402372802330	0	0	0	0	0	0
0	2.54857411587714	1.87587141419186	2.21359737807462	2.05778471112607	0	2.13277764644180	0.368773612730518	0	1.10969291135596	0	0	0	0	2.30357611586455	0.556457727729896	0	0	0	2.14474690872137	1.96142612266722	0.139588347205032	2.09948622126998	2.26100133277156	2.05143038138044	2.77024413625443	0	-0.255516733507954	0	-0.120028209415066	2.02278369514120	1.76912935509817	0	0	1.28367165486893	1.45290984517176	1.37125731886097	0.813676712467184	0	0.440608390526042	0	-0.102027992610148	1.76194174903478	2.26411236136770	1.89221529688692	1.95683518015388	1.68089766661355	1.58500262198811	1.66832122998493	2.84858124617366	1.69212643893640	2.61017948809954	0	2.61973972930112	0	0.431625877491435	0	3.26575620996582	0	2.66640434277706	0	0	0	3.49287831847050	0	3.18854957559457	1.69259449974372	1.67091401665928	0	3.35386473864795	2.76819138021885	1.84769807778308	0	1.99204336374676	0	2.34909111443071	2.12833249207215	1.53325454014978	0	0	0	3.11893170797908	0	0.223262551325500	1.47301505619675	1.65517500049307	0	0.306330787379196	1.36133720571927	0.752501268816170	0	2.59630448154724	0	2.67685426623969	0	2.18679625212438	0	0	0	0	0	0	2.31163574458170	2.82569898834141	0	2.75026267281938	0	0	0	2.31279402274247	0	0	0	2.67753815390038	2.73480610723762	2.65376417456289
2.01873850200047	0	1.84285466546872	2.19564061147649	2.43375598980668	2.13277764644180	0	2.02198009007461	1.22420914878238	0	0.382764308057759	0	3.09524264496376	2.49399165015322	0.634699832382947	0	2.11572886631761	0	0.973235419414092	0	0	0	1.51557239928455	2.35306793363746	0	0	0	0	1.67466404857685	0	0	2.22905582395117	0	0	0	0	2.17198041175892	1.85230194242983	0	0	0	0	0	0	0	0	2.51241834951584	0	1.65278603917620	0	1.68541403371895	0	0	0	1.69809953294024	0	2.13472651069605	0	2.08286744240675	0	1.84642326853557	0	0	0	2.02719382916755	0	2.67934941118538	2.11823640909700	1.44446089716754	0	2.45576893422454	2.04744002213546	1.97547038039076	2.72818159959762	2.87758424587579	0	2.75965746266136	1.92369287919419	1.25061764085069	0	2.14768006656992	0	0	0	2.16704625238756	0	0	0	2.03610454761339	0	1.83068932988836	0	2.30962588865429	0	2.98664407243012	0	2.57885745777500	0	2.14328945734274	0	0	0	2.26007410549792	0	2.80139119948656	0	0	0	0	0	0	0	0	0	0	0
0	0.779558220090748	1.67964896627671	2.08343202338821	0	0.368773612730518	2.02198009007461	0	0	-0.649465303072725	0	1.92234690165366	2.46531728552020	2.23544138530054	0	1.33155241361445	0	1.01994271792939	0	0.732756911589447	0	0	0	2.23876769618614	0	0	0	0	0	3.09142864142561	0	0	0	0	0	0	1.18060647923861	1.04874519586302	0	0	0	0	0	0	0	0	0	2.26697954891881	0	2.70276000528402	0	2.64333826806958	0	0	0	1.34109222853375	0	2.98211962103661	0	2.62148751982594	0	0	0	0	0	2.79609319582348	0	1.67162738938604	0	1.74925501629265	2.06089844428156	1.21600120263535	2.80516090498790	3.22677500771296	0	2.58635802041911	0	2.37888262951564	0	0	0	0	0	0	0	4.01644026865331	0	0	0	3.55097705762328	0	0	0	2.78031605696719	0	2.56996827712562	0	0	0	0	0	0	0	2.72854848872273	0	2.78580046685603	0	0	0	2.62512623500764	0	2.57577316797642	0	2.57081193910062	0	2.61690002254160
2.17980720190465	0	1.21948565374881	2.14483529929524	0.342360253277397	0	1.22420914878238	0	0	0	0	0	0.768320191369915	0	1.35163117889981	0	0	0	1.89800302818730	0	1.01681537651795	0	0	0	0	0	-0.905047080385895	0	2.39251766278581	0	0	0	0	0	0	1.55825156732781	2.05793278793090	1.60945774406077	-0.407871692397404	0	0	0	1.37445161557865	1.75330962295768	1.19123966928861	1.86375965339774	1.88312814846473	0	1.50589762482000	1.88916413862784	1.65410336081428	0	2.02894859720999	0	1.70865758295425	1.75941557778345	2.53768460311164	0	1.74965544655986	0	1.84833353763585	0	0	0	1.63653190060034	0	2.70008512221996	1.82513039621416	2.33020609720800	0	1.98140635141906	2.15808108854730	1.75834053920689	0	2.45092346464814	0	2.37349009920329	0	1.02837969880156	0	1.94580287797398	0	1.37093820280379	0	1.63065352057944	0	0	0	1.78977373532358	0	2.27486763270850	0	2.32121997988802	0	2.76398841134821	0	2.60232620895154	0	0	0	2.31085472711245	0	2.09959756125144	0	2.74011845450824	0	0	0	0	0	0	0	0	0	2.73629640092643	0
0	2.15749257987650	0	0.770894609819693	0	1.10969291135596	0	-0.649465303072725	0	0	0	0	0	0.180593022201728	0	1.21991556325114	0	0	0	0	0	0.266741259690986	0	0	0	1.84699902795798	0	0.997615059991790	0	1.74289266861736	0	0	0	0	1.89245491600815	1.94884094391216	1.59800793352672	1.85475715292694	0	0.0900732647024533	0	1.49718202972859	0	2.89651384864371	2.40389015853992	2.57553589264631	2.26656179992891	2.32873009750821	2.35322155451928	3.30121731238322	2.07372977922400	3.04251056785628	0	3.23504638271750	0	2.00397002360213	0	3.15600192759398	0	2.76726387267338	0	0	0	3.61741740449036	0	3.21545236542643	2.51800211540719	2.26460333364807	0	0	1.79092487061265	1.27851086705606	0	2.20127268698844	0	1.71265505497113	0	1.22167807157053	0	0	0	3.13663996219156	0	1.38668171606301	0	3.04534257752045	0	1.43960478090240	1.82145685809635	2.10038364200588	0	2.19571379252162	0	2.40802904082839	0	1.58760495824965	0	0	0	0	0	0	0	2.47684296421136	0	2.33015643198046	0	0	0	1.89839283171652	0	0	0	2.39461971339116	0	2.22654833565422
2.73007110332588	0	0.981096583673767	1.62775571434421	0	0	0.382764308057759	0	0	0	0	0	1.91340576391614	2.32562707884163	1.64802230548326	0	0.621129485297515	0	1.03713087815927	0	0	0	1.61434401008063	0	0	0	0	0	-0.524437397021153	0	0	0	0	0	0	0	0	0	0	0	0	0	0	0	0	0	0	0	0	0	2.52068694038732	0	0	0	0	0	3.01426466503468	0	2.13841280783538	0	2.83144522364057	0	2.60068806617201	0	2.40026820812351	0	0	0	1.95811517363237	0	0	0	0.602910115427911	0	0	0	0	0	0	0	2.35846354897962	0	-1.23832982086011	0	2.23545997234475	0	0	0	1.89015474442916	0	0	0	0	0	0	0	0	0	0	0	0	0	0	0	0	0	0	0	0	0	0	0	0	0	0	0
0	1.51096268619266	2.12300996400102	1.79915730510490	0	0	0	1.92234690165366	0	0	0	0	0	2.41850916983974	0	2.10853126291451	0	0.911759277170560	0	1.51838173501850	0	0	0	2.04995305692826	0	0	0	0	0	1.53982193192259	0	0	0	0	0	0	0	0	0	0	0	0	0	0	0	0	0	0	0	0	0	2.34584785671973	0	0	0	0	0	2.27542801831732	0	1.99460427928265	0	2.32651473382445	0	2.22159088433309	0	2.37788677429150	0	0	0	0	2.29431614673958	0	2.63870558274198	2.66568652144241	0	2.97251253834749	0	2.40162655269594	0	0	0	2.65450759275713	0	-0.0286236398893912	0	3.29184875585638	0	0	0	3.42476041757818	0	0	0	0	0	0	0	0	0	0	0	0	0	0	0	0	0	0	0	0	0	0	0	0	0	0
2.81136685038273	0	2.76798643208514	2.22850818297234	0	0	3.09524264496376	2.46531728552020	0.768320191369915	0	1.91340576391614	0	0	2.24859800203600	0.926180696846889	0	0.435493674791584	0	1.31593120223114	0	0	0	2.31709651276442	0	0	0	0	0	1.15556574140681	0	0	0	0	0	0	1.76220912410357	1.57784956564916	1.70423132246704	1.91234224101771	0	0	0	1.49210470491174	0	0	0	1.84769992240891	1.68570935432860	0.975056822216104	0	1.05378461046178	0	1.76755246298959	0	1.47425753813890	0	2.20946338077862	0	1.53035229682655	0	1.40372213000053	0	1.07527396951044	0	1.45699687435901	0	2.18423136465907	1.74027316126988	1.77430388590795	0	1.93517555682048	2.25824455976050	0.923654173663377	2.70467996727404	1.90749447547123	0	2.30432750886033	1.78074759906411	0.889584483074300	0	1.48201704385641	0	-0.109764971430121	0	1.52437423286889	0	-0.514813514609460	0	1.51177265539453	0	1.62001968178302	0	2.08668701864507	0	2.45720089798367	0	2.14185436217963	0	1.63181350761383	0	2.21958028942613	0	2.04581553136855	0	2.55862920387243	0	0	0	0	0	0	0	0	0	2.51923380036222	0
0	1.89346535061362	2.20727715830632	2.36921619046635	0	0	2.49399165015322	2.23544138530054	0	0.180593022201728	2.32562707884163	2.41850916983974	2.24859800203600	0	0	0.860957847236233	0	2.66303891891556	2.04468150851225	2.00542017692993	0	0	0	2.38257192505538	0	0	0	0	2.51166231873542	1.77596353469089	0	0	0	0	0	0	1.89737616311531	2.10076699672292	0	1.56242094156736	0	0	0	0	0	3.35594417598094	2.84053675560241	2.75810253007750	0	3.54872857646987	0	3.56866008194991	0	3.59978528842988	0	2.07367663690266	0	3.87409625457690	0	3.48194923747895	0	3.88059929415148	0	3.85100372413433	0	3.91461594283272	0	2.93681282652003	0	3.72162949640356	2.17492711436450	1.41265370017327	2.83661158324485	3.08577629202076	0	2.75683403854832	2.36129974854162	2.24338955380837	0	0	0	3.66378744849900	0	0	0	4.42253687513973	0	0	0	4.15107959388711	0	2.75304538462013	0	2.81107238595407	3.04951164075745	2.58605571367806	0	0	0	0	0	0	0	2.92444711937566	2.97104506428663	2.73794422353226	0	0	0	2.35343344254618	0	0	0	2.79910574111731	0	2.67559313497305
1.56317213340825	0	1.17721739496211	2.13645010642500	0.795871794513059	2.30357611586455	0.634699832382947	0	1.35163117889981	0	1.64802230548326	0	0.926180696846889	0	0	0	0.881968132544130	0	0.536342444172888	0	0.0460965447609813	0	1.86840850006027	0	1.76975976789734	0	-0.274123273853074	0	1.49597521283457	0	0	0	0	0	0	1.60138871094493	1.96667319502417	1.71833524739290	0.533517667599999	0	0.396614093448980	0	1.39629194890935	1.84133696987262	0.809926485619354	1.55182218356509	1.81990954799917	0	1.13470484707956	1.78027288834389	1.34785817718255	0	2.04186617643136	0	1.41512190368124	0	1.99014717399283	0	1.13291399643998	0	1.26097767939292	0	1.17356476441682	0	1.30451018069009	0	2.12555601754440	1.62026071168263	1.58983808197422	0	2.21099379714373	2.80687415930319	1.71282638076501	0	2.22068076236859	0	2.38903552039010	0	0.759661359758519	0	1.38701274741220	0	1.44530318996156	0	1.14718460999681	0	0	0	1.12826050155319	1.91858261477635	0	0	2.35583583698366	0	2.56419380725889	0	0	0	0	0	0	0	2.04684690940622	0	2.83060499294741	0	0	0	0	0	0	0	0	0	0	0
0	2.08017519990431	1.69314623377270	1.79427388732075	0	0.556457727729896	0	1.33155241361445	0	1.21991556325114	0	2.10853126291451	0	0.860957847236233	0	0	0	1.95614728471394	0	1.53546332436621	0	1.92968439118386	0	0	0	1.00190112082906	0	0.492510681051975	0	0.409273012872103	0	0	0	0	2.09198616197961	2.54930003870235	1.65111266862537	1.57186308064461	0	1.65483305726089	0	1.37142525233477	0	2.91829073351580	2.55448196413083	2.72831157738401	2.34259768815204	2.28602538877832	2.37862180686541	3.21366099598634	2.16656438429402	2.90310403649562	0	3.17784694218180	0	2.51154639046071	0	3.31973845281967	0	2.79334181926832	0	0	0	3.14476391641633	0	3.18607588477065	2.38650481631136	2.45231049530994	0	0	0	0.829334476245782	0	1.56957720752608	0	1.39511182398851	0	1.02702550807423	0	0	0	2.96428104427369	0	1.03867220617965	0	3.54573359353060	0	1.10227369382316	1.87736230128557	2.74466374313523	0	0	0	2.02802290330524	0	1.27204142439377	0	0	0	0	0	0	0	2.04535861494851	0	1.92931531845725	0	0	0	1.59900755655013	0	0	0	1.97814362647363	0	1.94542402757926
1.63228651817839	0	1.62983776419326	0	0	0	2.11572886631761	0	0	0	0.621129485297515	0	0.435493674791584	0	0.881968132544130	0	0	0	1.94207544390804	0	0	0	0	0	0	0	0	0	0.922292595223449	0	0	0	0	0	0	0	0	0	0	0	0	0	0	0	0	0	0	0	0	0	0	0	0	0	0	0	0.768014980699354	0	2.21888780428686	0	2.05693152246088	0	1.78234231812256	0	2.49492907141829	0	0	0	0	0	0	0	0.421755158950845	0	0	0	0	0	1.75583636572285	0	1.38482161248313	0	0.678653562983675	0	2.79716481744521	0	0	0	2.54453197165958	0	0	0	0	0	0	0	0	0	0	0	0	0	0	0	0	0	0	0	0	0	0	0	0	0	0	0
0	0.579803700571426	0	1.26269424146759	0	0	0	1.01994271792939	0	0	0	0.911759277170560	0	2.66303891891556	0	1.95614728471394	0	0	0	1.18004211200070	0	0	0	1.99646490227190	0	0	0	0	0	1.20465573087430	0	0	0	0	0	0	0	0	0	0	0	0	0	0	0	0	0	0	0	0	0	0	0	0	0	0	0	1.30144374047912	0	2.19819102425836	0	1.95319412538117	0	1.99829290823451	0	2.05819820811390	0	0	0	0	0	0	0	1.35292579590534	0	0	0	0	0	1.80398015430626	0	2.75074692321014	0	1.30006066402426	0	3.11049599175765	0	0	0	3.52008916742901	0	0	0	0	0	0	0	0	0	0	0	0	0	0	0	0	0	0	0	0	0	0	0	0	0	0
1.87122507179601	1.86165625139636	0.737266764578737	1.45786457221819	2.10296802684841	0	0.973235419414092	0	1.89800302818730	0	1.03713087815927	0	1.31593120223114	2.04468150851225	0.536342444172888	0	1.94207544390804	0	0	1.32508621235131	0	0	1.46030461115338	1.74318014842036	0	0	0	0	0.818225353346357	0	1.64137485018208	1.77362808094937	2.05406677040063	1.44796484205378	0	0	1.69164519060516	0	1.67709536370685	0	0	0	1.90488810318336	1.69292743315420	2.02259470116757	0	0	2.14267252751642	0	0	1.26940478241321	0	0	0	0	0	2.49145786403663	0	2.20422790057229	0	0	0	0	0	0	0	2.32201796637602	2.18504358418017	1.51476330163063	1.66461561951094	0.734874646676493	0.996956723475319	0.991456546801453	1.81855402859150	1.68923562936095	0	0.762365085070154	1.78931023438522	0	0	0.966432423683045	0	0.831978976393821	0	1.59838266214085	0	0	0	1.33372795647764	0	1.14518235211058	0	1.19414032142139	0	1.70376154665503	0	1.48643632133729	0	1.40171212807961	0	1.35827825435647	0	1.12375988259476	2.53358904651953	1.56823426781224	2.43854760871814	0	0	0	0	0	0	0	0	0	0
1.73437151322792	1.26519829388718	1.48551492335116	1.37216850718693	0	2.14474690872137	0	0.732756911589447	0	0	0	1.51838173501850	0	2.00542017692993	0	1.53546332436621	0	1.18004211200070	1.32508621235131	0	0	0	1.64253922717679	-0.864989423305082	0	0	0	0	0	1.61149095260932	1.29264085238693	1.26580471344043	1.34710626632311	1.95705323251474	0	1.79393411805245	0	0.992166560086264	0	0	0	1.18821524843798	2.29576217418803	1.60558738288291	1.95842418658895	1.49599730816343	2.07899385753461	2.49408757936588	0	0	0	0	0	0	0	0	0	1.80410851729928	1.29624521273269	2.15602007348993	0	0	0	0	0	0	1.89899653482064	2.30362931203499	1.72911858295891	0.482621806652936	1.56835282842742	1.19712075766492	1.98157475568054	1.56011373125322	0	1.58435612147840	1.72851708141880	1.80032016128373	0	0	0	0	0	0	0	0	0	0	0	0	0	2.57339739834642	0	2.44417843889296	0	2.95984624913726	0	2.84293473007159	0	2.85809074999380	0	2.49776791288769	1.69605368346823	2.86276312327463	0	2.97447825953227	0	0	0	2.24888345213978	0	2.51897600862487	0	2.70135474891417	0	2.76617068421253
0	0	2.05061765596547	1.57876261149552	0.328329110647329	1.96142612266722	0	0	1.01681537651795	0	0	0	0	0	0.0460965447609813	0	0	0	0	0	0	0.460527410368599	2.18291355679792	1.71836274617605	2.41768356182021	2.34758896921182	1.01525453700213	2.02058137764796	0.426852073239357	0	1.80177143829118	2.13023024178367	2.09394579060010	0.293365613627751	1.08689470149498	1.13959068452990	1.16191493328044	0.889603317428674	1.23727738329650	0	0.117319858389992	0	1.08639271813153	1.44066827805350	0.964792712170101	1.78452385599475	1.50968033782145	0	1.17303223990612	1.71786373823668	1.27551589597062	0	1.90984230570864	0	0.569405398992888	1.44033377377947	2.37344025169380	0	0.957105378658336	0	1.24952406078105	0	0	0	1.20315893369827	0	1.78582846753959	1.55098820916532	1.88834449466781	1.41022954212359	1.40247394135805	1.30567513522255	-0.0401296019812327	0	0	0	1.10960198536763	0	-0.291317253361626	0	0	0	0.527842712597676	0	1.14870326566656	0	0.222516873593952	0	0.412655397628513	0	0	0	0	0	0	0	0	0	0	0	0	0	0	0	0	0	0	0	0	0	0	0	0	0	0	0
0	0	1.40545082112598	1.72640383681085	1.99561812127925	0.139588347205032	0	0	0	0.266741259690986	0	0	0	0	0	1.92968439118386	0	0	0	0	0.460527410368599	0	2.12037639006423	2.31704176383181	2.53629510375008	2.26739301561538	0	1.70154913591334	0	1.03760750541995	2.52707234140038	0.293874968639175	2.36640822949663	-0.262050537225752	1.14063544484440	1.14218305538100	0	0.610875868107503	0	0.542107736642957	0	-0.552827666411007	0	1.95033427217657	1.64899297917954	1.65061338867248	1.65129475836713	0.942982933340247	1.54703131130541	2.60096523608353	1.64203328810622	2.35970010832089	0	2.49544373774308	0	-0.202870455217075	0	2.45903282242382	0	2.11635109146812	0	0	0	0	0	0	1.59383053071622	1.23750734370299	0	0	2.68472168056506	0.911249829272440	0	-0.372769559674035	0	0	0	0.842618544898073	0	0	0	0	0	0.725083856801293	0	2.07276605235023	0	0.727169547302662	0	0.558760891821936	0	0	0	0	0	0	0	0	0	0	0	0	0	0	0	0	0	0	0	0	0	0	0	0	0	0
1.72268491800701	0	1.52453851782247	2.33148888340335	1.03876773971424	2.09948622126998	1.51557239928455	0	0	0	1.61434401008063	0	2.31709651276442	0	1.86840850006027	0	0	0	1.46030461115338	1.64253922717679	2.18291355679792	2.12037639006423	0	2.45178908682695	1.88865100127686	2.03904758492358	2.46805937567996	2.33630799000065	1.68913904337818	0	1.91877770292479	2.28645105569166	2.59081523688619	1.90893205608330	2.27727844457082	1.64084539852643	1.69394953669038	0	1.84367243318923	0	0	0	2.48401973908141	1.34189506201455	2.61035645776485	1.95085845705564	2.36696405257118	1.92994970855183	2.08206825406407	0	1.52836118482663	0	1.91051322984891	0	1.43335996509893	0	2.31047194840207	0	2.51176795839257	0	1.56993420844971	0	0	0	1.41417659237091	0	2.79617990932453	1.95882644001540	2.14052566412413	0	1.53890512268341	0	1.80280403159892	0	2.41822299087348	0	2.28909047695170	2.17343094152739	0	0	0	0	0	0	1.66852630744953	0	0	0	1.62285889952816	0	2.09315098485022	0	2.16144711167299	0	2.81187464367012	0	2.24552252515960	0	2.06177786394724	0	2.19340558497706	0	2.18782758786498	0	2.69600958267482	0	0	0	0	0	2.57778518760794	0	0	0	0	0
0	2.43105147586184	2.27551114136892	1.87895754068526	2.27064471091002	2.26100133277156	2.35306793363746	2.23876769618614	0	0	0	2.04995305692826	0	2.38257192505538	0	0	0	1.99646490227190	1.74318014842036	-0.864989423305082	1.71836274617605	2.31704176383181	2.45178908682695	0	2.12715376861932	0.159236471488765	1.99656407744153	1.24075706035868	0	2.94634781762327	2.02814745935386	1.68326068583344	1.87979435917113	1.26664212148572	1.45886680582876	0.898239426630282	1.68505281654327	0.905787965574773	0	1.39069811319443	0	0	2.01506820095763	1.11778886071172	1.83860822133905	1.40581687282689	0	1.88074611157880	0	0	0	3.29853766470213	0	0	0	1.19704948087731	0	3.47002977131018	2.01230006217373	2.60668730385417	0	0	0	0	0	3.65897102483574	2.07253648316588	1.59020572365299	0	2.15540385608672	2.02696910518216	1.32689446883219	0	3.05051623253567	0	2.73022857289451	2.18958503842841	1.91018238265169	0	0	0	0	0	0	0	0	0	0	0	1.82851725619999	0	2.49307792861530	0	2.61368038682782	0	2.43171346454744	0	0	0	0	0	0	0	2.69629059429053	2.54122896752286	2.72947143597771	0	0	0	2.19425085747171	0	2.45328823160177	0	2.63784930888234	0	2.54938085051966
0	0	0.744820756491457	2.17763705005412	1.97990053135072	2.05143038138044	0	0	0	0	0	0	0	0	1.76975976789734	0	0	0	0	0	2.41768356182021	2.53629510375008	1.88865100127686	2.12715376861932	0	0	2.08842899798809	0	1.85351219798637	0	2.26805590900454	2.33399099755130	2.33267940770789	1.62221506249807	1.92834003936957	2.01163155339665	2.17186159322445	1.81259053062157	0.683175383262678	0	1.95124311654619	0	2.39647711106364	2.04594355359988	2.55410141214274	0	2.23131504102149	0	1.80684317825067	0	1.77206775817844	0	0	0	1.76019743806639	1.97977329038687	3.35246846047339	0	2.70496837644028	0	0	0	0	0	0	0	2.71271721155477	1.86191972683677	0	0	2.58095531599215	2.72305856041327	2.27587460675018	0	2.85829292486651	0	2.86230496220529	0	0	0	0	0	0	0	1.96357013687379	0	0	0	1.43404809220827	0	0	0	2.82274849131012	0	3.07390304177344	0	0	0	0	0	0	0	2.62454920591291	0	2.92668294626246	0	0	0	0	0	0	0	0	0	0	0
0	0	1.97273261610157	0.748368872527870	2.01382271270902	2.77024413625443	0	0	0	1.84699902795798	0	0	0	0	0	1.00190112082906	0	0	0	0	2.34758896921182	2.26739301561538	2.03904758492358	0.159236471488765	0	0	0	1.50521536374384	0	0	1.83440124560779	1.39759239106390	2.52535913016671	0.256440677180382	1.90218732323559	0.763365492568890	1.59959039645656	1.32686074579610	0	1.33269402177656	0	1.57240454653451	2.33246019584035	1.69842126602669	2.11877672422127	1.44682601919074	2.21753438117868	1.67173185069186	0	2.98905643006168	2.03784368569640	2.80270311670861	0	2.82708675451127	0	1.08108865384709	0	3.62015929009409	0	3.12202660178306	0	0	0	0	0	0	2.35035417599208	0.546901895267506	0	0	2.94718654869941	2.47455089669682	0	2.51572931120086	0	2.58893936032567	0	1.88821282157930	0	0	0	0	0	0	0	2.95820639476947	0	0.815432540185155	0	1.48743357436681	0	0	0	2.80675755421434	0	0	0	0	0	0	0	0	0	2.85773202453882	0	2.85904060907811	0	0	0	2.41788014546007	0	0	0	2.76268725361480	2.84817147976100	2.69330965505566
2.55675000462184	0	0	2.03758284655093	-0.0773384186669015	0	0	0	-0.905047080385895	0	0	0	0	0	-0.274123273853074	0	0	0	0	0	1.01525453700213	0	2.46805937567996	1.99656407744153	2.08842899798809	0	0	0	0.322984767029633	0	2.32583885600698	2.28866645089597	2.22383910029269	0	1.28466481185647	1.46320068658165	1.52861587887721	1.40313226930886	1.53387048177474	0	0.626109623060349	0	1.33260678288818	1.87781011373867	1.98803645552535	0	1.56379482734695	0	1.30113942530831	2.28608139454357	1.44954661198200	0	2.02180731417197	0	0.877795064122188	1.44926995091227	2.92863695433605	0	1.59013800217691	0	0	0	0	0	0	0	2.54037988179290	1.64420567411804	0	0	1.45880138759496	1.69967411453401	0.470689006109812	0	0	0	1.62334453151775	0	0	0	0	0	-0.700843589513084	0	1.34788578114330	0	0.535885227214543	0	0.560806832206797	1.73506694981789	0	0	0	0	0	0	0	0	0	0	0	0	0	0	0	0	0	0	0	0	0	0	0	0	0	0
0	0	0	1.94423261686298	0	-0.255516733507954	0	0	0	0.997615059991790	0	0	0	0	0	0.492510681051975	0	0	0	0	2.02058137764796	1.70154913591334	2.33630799000065	1.24075706035868	0	1.50521536374384	0	0	0	1.33522920856539	2.23352960197697	1.39524122966904	0	0	1.18558354594681	1.28391872401149	1.28954189428892	0.632364234660734	0	1.17865645930211	0	-0.0453682182887938	2.40221264695412	2.07895933942431	2.25364403825362	1.80196673789440	1.71802092209653	1.18628663979410	1.58491422540161	2.77460529480479	1.61760417569569	2.40502854331254	0	2.64385538330125	0	0.0661700772077482	0	2.50155104670169	0	2.10026639637996	0	0	0	0	0	0	2.05884625867118	1.35394513816068	0	0	2.68941601613151	1.61687998313001	0	-0.218051882917792	0	0.0477381679850542	0	0.870399633089064	0	0	0	0	0	0.283346651196733	1.57063094820041	2.05071907996778	0	0.245011358522939	1.48561889013528	0.677044541873652	0	0	0	0	0	0	0	0	0	0	0	0	0	0	0	0	0	0	0	0	0	0	0	0	0	0
2.32642763262735	0	1.21679851849801	2.20082640181654	1.10095806126051	0	1.67466404857685	0	2.39251766278581	0	-0.524437397021153	0	1.15556574140681	2.51166231873542	1.49597521283457	0	0.922292595223449	0	0.818225353346357	0	0.426852073239357	0	1.68913904337818	0	1.85351219798637	0	0.322984767029633	0	0	0	0	0	0	0	0	0	1.68238889308015	1.48781789014785	1.42094288575264	0	0	0	1.57953370338706	0	0	0	1.74444649080983	0	0.963470134391595	0	1.31464420514095	0	1.52321373751020	0	1.36077256608182	0	2.68790416219761	0	1.56363188526517	0	1.18487375283645	0	1.50751761310466	0	1.39345311142289	0	2.17330660337534	1.73123939235370	1.19824844168367	0	1.04275554026515	0	0.669745893447479	2.46464621658020	2.36516392195048	0	2.34631015206924	0	1.94812910848686	0	1.77126632277600	0	-0.249020833980271	0	2.12717773259910	0	0.641090242684929	0	1.78516212444891	0	1.52504782129691	0	1.73774616839114	0	2.68208126511410	0	1.96524000075368	0	1.52479507904692	0	1.83999802360653	0	1.80454555271702	0	2.71510169258140	0	0	0	0	0	0	0	0	0	2.45204340141628	0
0	0.943559320745370	0	2.89982276419532	0	-0.120028209415066	0	3.09142864142561	0	1.74289266861736	0	1.53982193192259	0	1.77596353469089	0	0.409273012872103	0	1.20465573087430	0	1.61149095260932	0	1.03760750541995	0	2.94634781762327	0	0	0	1.33522920856539	0	0	0	0	0	0	3.47629012605249	0	0	1.88491207673122	0	0	0	2.84209079436899	0	3.63190015415465	0	3.60225641226116	0	2.82283777538341	0	3.67135010310279	0	3.24580366298836	0	3.78089267746291	0	3.55383517991587	0	2.98330722947718	0	3.01349382511376	0	0	0	2.66809288882857	0	3.64167171773219	0	2.87166938032071	0	0	0	3.06309387721757	0	2.15353837178782	0	3.56335044326705	0	0	0	1.72685376999943	0	2.80527904428457	0	1.04151267535770	0	3.72898830330756	0	1.01488948751780	0	3.59401934053013	0	0	0	0	0	0	0	0	0	0	0	0	0	0	0	0	0	0	0	0	0	0	0	0	0	0
0	0	1.68560392662380	1.90490014294048	2.15636654214392	2.02278369514120	0	0	0	0	0	0	0	0	0	0	0	0	1.64137485018208	1.29264085238693	1.80177143829118	2.52707234140038	1.91877770292479	2.02814745935386	2.26805590900454	1.83440124560779	2.32583885600698	2.23352960197697	0	0	0	1.73018529385587	2.52369548301412	1.43888256138636	1.86196926507883	0	1.59537173963303	1.44828032376730	1.69895295847358	0	1.35894683989737	0	2.41262128049553	1.65384570303258	2.63492041258213	0	0	0	2.89115646502046	0	0	0	0	0	0.959341996418659	1.55650666638604	0	0	2.75671090911656	0	0	0	0	0	0	0	2.81473614031385	1.43193096858152	2.13038908649182	2.06141634661442	0	0	0	0	0	0	0	0	0	0	0	0	0	0	0	0	0	1.52226615153628	1.01848972751648	1.62788932767995	0	0	0	0	0	0	0	0	0	0	0	0	0	0	0	0	0	0	0	0	0	0	0	0	0	0
0	0	2.23606606654303	1.38740302364673	2.52026709613460	1.76912935509817	2.22905582395117	0	0	0	0	0	0	0	0	0	0	0	1.77362808094937	1.26580471344043	2.13023024178367	0.293874968639175	2.28645105569166	1.68326068583344	2.33399099755130	1.39759239106390	2.28866645089597	1.39524122966904	0	0	1.73018529385587	0	1.91654931551024	1.34856655737400	1.50958311072249	0.580024115203206	0	0	0	0	0	0	1.94621602462533	0.825889222517400	1.62572744228873	0.816906859237482	0	1.41039621460431	0	0	0	0	0	0	0	0	0	0	2.31173104784929	0	0	0	0	0	0	0	1.92057959679715	1.31541077557657	1.57346958678294	1.93324812147612	0	0	0	0	0	0	0	0	0	0	0	0	0	0	0	0	0	0	0	0	0	0	0	0	0	0	0	0	0	0	0	0	0	0	0	0	0	0	0	0	0	0	0	0	0	0
0	0	1.71228740189289	1.14159283547578	0	0	0	0	0	0	0	0	0	0	0	0	0	0	2.05406677040063	1.34710626632311	2.09394579060010	2.36640822949663	2.59081523688619	1.87979435917113	2.33267940770789	2.52535913016671	2.22383910029269	0	0	0	2.52369548301412	1.91654931551024	0	1.89382714478635	1.54840422733925	0	0	0	0	0	0	0	2.43596341370832	0	2.70780545576236	0	0	0	2.87121311067983	0	0	0	0	0	0	0	0	1.61731466100730	2.61169797849546	1.53450940576627	0	0	0	0	0	0	2.94848527668857	1.75482620094843	1.50101504458354	1.75517773853792	0	0	0	0	0	0	0	0	0	0	0	0	0	0	0	0	0	0	0	0	0	0	0	0	0	0	0	0	0	0	0	0	2.08528702776675	0	0	0	0	0	0	0	0	0	0	0	0	0
0	-0.141306938941023	1.42934269209306	-0.403071640780562	0	0	0	0	0	0	0	0	0	0	0	0	0	0	1.44796484205378	1.95705323251474	0.293365613627751	-0.262050537225752	1.90893205608330	1.26664212148572	1.62221506249807	0.256440677180382	0	0	0	0	1.43888256138636	1.34856655737400	1.89382714478635	0	1.73545681158365	1.26711507813481	0	0	0	0	0	0	1.99299875765925	1.10585988201618	1.73194480516221	1.07139782068244	0	1.94265523791790	2.47905834690922	0	0	0	0	0	0	0	0	1.61583178639015	1.53533804671625	0.456841101293872	0	0	0	0	0	0	1.75170537512925	1.90883978179591	1.73146493600496	1.44169915067155	0	0	0	0	0	0	0	2.27348054750386	0	0	0	0	0	0	0	0	0	0	0	0	0	0	0	0	0	0	0	0	0	0	0	0	0	0	0	0	0	0	0	0	1.87758834703406	0	0	0	0	0
0	0	0	1.33771233765632	1.32977026909805	1.28367165486893	0	0	0	1.89245491600815	0	0	0	0	0	2.09198616197961	0	0	0	0	1.08689470149498	1.14063544484440	2.27727844457082	1.45886680582876	1.92834003936957	1.90218732323559	1.28466481185647	1.18558354594681	0	3.47629012605249	1.86196926507883	1.50958311072249	1.54840422733925	1.73545681158365	0	2.60663208592326	0.922257151601517	1.46646392124390	1.45330868270562	2.54449496855474	0.895456702331008	1.59200916477875	0	1.18694865321456	1.03750890141233	2.42562222080116	0	1.45969363687458	1.36113321395090	2.03432510602813	0	1.50277053039854	0	0	0	1.43861202337071	0	0	2.07213147313962	2.20421660311227	0	0	0	0	0	0	1.93766202500300	2.49521260346006	0	0	1.02105593697473	0.941788173933522	0	2.86683076032005	0	0	0	2.00523640459446	0	0	0	0	0	2.80768370697934	0	0	0.880533536302509	1.52589785090082	1.38469927485798	2.06744738945010	0	2.96585976896326	0	0	0	0	0	0	0	0	0	0	0	3.00332240822875	2.07053227795902	3.06917292801392	0	0	0	0	0	0	0	0	0	2.61952194195524
0	0	1.55273396359239	1.47513493056885	1.37150224919150	1.45290984517176	0	0	1.55825156732781	1.94884094391216	0	0	1.76220912410357	0	1.60138871094493	2.54930003870235	0	0	0	1.79393411805245	1.13959068452990	1.14218305538100	1.64084539852643	0.898239426630282	2.01163155339665	0.763365492568890	1.46320068658165	1.28391872401149	0	0	0	0.580024115203206	0	1.26711507813481	2.60663208592326	0	1.28245137630767	1.82148654788127	1.79958436615411	2.90241913462492	1.08635158652894	2.01774816099874	0	0	1.45219307388381	2.31042972918195	2.32124921347291	0	1.84973524354518	2.03502992204889	1.88641379573610	0	1.59369438912355	0	0	1.56183072803560	0	0	2.49588708339031	2.21296155821021	0	0	0	0	0	0	2.28311811824036	2.11110623447128	0	0	1.40586747227509	0.981962252068061	1.51607904225379	3.26867415557132	0	0	2.06879972215939	1.67440080381261	0	0	0	0	0	0	0	0	0.924011394876597	1.65049275516670	1.26455538466411	2.09602808180878	1.90478703022606	2.80056364993940	0	0	0	0	2.47063230386703	0	0	0	0	0	1.81157856000521	2.81972461149294	2.54470223617774	3.06978878017442	0	0	0	0	0	0	0	0	0	0
3.12142527636958	1.93600378509440	1.78242910631598	1.25920153550228	1.83880150050304	1.37125731886097	2.17198041175892	1.18060647923861	2.05793278793090	1.59800793352672	0	0	1.57784956564916	1.89737616311531	1.96667319502417	1.65111266862537	0	0	1.69164519060516	0	1.16191493328044	0	1.69394953669038	1.68505281654327	2.17186159322445	1.59959039645656	1.52861587887721	1.28954189428892	1.68238889308015	0	1.59537173963303	0	0	0	0.922257151601517	1.28245137630767	0	1.26782210937083	-0.0623267015646369	2.91905330347920	0.643493560134684	1.33053521666126	1.19300265885641	1.32313620312447	0.887026284978475	1.79426328278530	1.71092676398891	1.63828424814087	1.37188673264098	1.66207728987949	1.34993100856529	1.66185988171735	1.70701689934921	1.74085550366938	-0.0163095047732784	1.38922617318735	3.64763048106634	3.10052924268885	1.13536792156045	1.93619377608788	0.882777351031270	0	0	0	0.733033475130017	0	1.25407907717500	1.81692996602789	2.63660962720747	0	1.13196238750257	1.05595026013244	1.50852090376105	2.13061548648822	1.03780936871079	0	0.827971963833697	1.53811926480326	0	0	0	2.42130967380581	2.27365845899155	0	1.39814130013766	2.10613804897608	0.457707922068406	1.43483147002423	1.22939596158297	1.66683199847903	1.63059635200389	2.58007851129919	1.75962459045432	2.47931548433119	1.14978810585762	0	1.26170299214748	0	1.25220886378303	2.55100686207527	1.66251551650849	0	1.69747754075842	2.57230453337603	2.13432589402151	0	0	0	0	0	1.45585343995859	0	0	0	0	0
2.77091514657796	2.35049823487338	1.63959168096209	0.890307169090449	1.53648880017612	0.813676712467184	1.85230194242983	1.04874519586302	1.60945774406077	1.85475715292694	0	0	1.70423132246704	2.10076699672292	1.71833524739290	1.57186308064461	0	0	0	0.992166560086264	0.889603317428674	0.610875868107503	0	0.905787965574773	1.81259053062157	1.32686074579610	1.40313226930886	0.632364234660734	1.48781789014785	1.88491207673122	1.44828032376730	0	0	0	1.46646392124390	1.82148654788127	1.26782210937083	0	1.86575577249013	2.09093418535015	1.25010196599365	0.882833688097301	1.97047098568337	2.98159400218095	1.89477311502653	1.97375082332219	2.12145876895330	1.82079388985932	1.56741589482183	2.93726547479327	1.63613049460128	2.56873451491116	0	2.96892065764431	1.09287561295462	0.924793398509096	2.74186623026549	3.45362376341527	2.12347254725909	2.16831808029189	0	0	0	3.74244571669802	0	2.45072041984793	1.66100697199684	1.66684306888574	0	3.49148572556716	1.34768203921486	0.474223318864296	1.40786803909987	1.91225705230358	0	0.729416975103554	1.66576266861078	0.274452358495479	0	0	0	3.26262795785503	0	0.321787046326993	1.37194191033421	2.56360373416641	0	0.459661336884207	1.46801076050009	2.11391561127717	2.24925565516528	1.35132623086507	2.10172751410049	1.13522384430464	0	2.92882829324620	2.63274326710941	2.25052163440977	2.38720627088213	1.50536595064535	0	1.09932206261103	0	1.32128767455347	2.76942674634087	2.04852814146496	0	0	0	1.14596929076000	1.94381736591706	1.59606054241735	0	1.71061138510094	0	1.74603621627227
2.85046561242123	0	1.85722619786498	0	-0.728169163016426	0	0	0	-0.407871692397404	0	0	0	1.91234224101771	0	0.533517667599999	0	0	0	1.67709536370685	0	1.23727738329650	0	1.84367243318923	0	0.683175383262678	0	1.53387048177474	0	1.42094288575264	0	1.69895295847358	0	0	0	1.45330868270562	1.79958436615411	-0.0623267015646369	1.86575577249013	0	0	2.64968236461360	0	0.630552299779609	0	0.974295164228645	2.04603207914710	1.23640184096336	2.13198781168945	1.44288158816852	1.95566191717165	1.53520222724397	0	1.65549414683414	0	0.959006611253482	1.69930618956188	3.13769458007583	0	1.65859518979982	0	1.01489036796361	0	0	0	1.20729282692508	0	1.03332108567842	2.16169165291975	2.60537160348501	0	1.68252278989285	0	1.73085864077355	0	0	0	1.10692721328019	1.90378570121750	0	0	0	0	2.01820693861376	0	1.59321585092800	0	1.07810320461426	0	1.69642612116290	1.83318152899235	1.15543558448654	0	0.957928585263798	0	1.47487336435784	0	0.495186226701076	0	1.32256312378251	0	0.887112925734190	0	1.37988250116904	0	1.77526049487925	0	0	0	0	0	1.66680735820592	0	1.30291928748970	0	0	0
0	0	0	1.24922859253492	0	0.440608390526042	0	0	0	0.0900732647024533	0	0	0	1.56242094156736	0	1.65483305726089	0	0	0	0	0	0.542107736642957	0	1.39069811319443	0	1.33269402177656	0	1.17865645930211	0	0	0	0	0	0	2.54449496855474	2.90241913462492	2.91905330347920	2.09093418535015	0	0	0	1.16340928964808	0	1.41910995219710	1.71343571602369	1.55983092587033	2.81678195432967	1.59853387531472	1.70764047354422	2.52632291381226	1.69193207672997	2.84428169846932	0	2.39514590001819	0	1.72508923832081	0	3.74037745895884	2.66578392412743	2.60998259647395	0	0	0	0	0	2.39358909425545	2.28860757070492	1.82561414477784	0	3.60504823661210	0	0.939297178967674	0	0	0	0	2.72876726468532	0.898576929158146	0	0	0	0	0	2.01302759454679	0	3.96435963763299	0	0.894503850775956	0	2.16572615051784	0	1.51570711769662	0	1.31633725476542	0	-0.0793244188010901	0	0.594661927805513	0	1.69672101308684	0	0.826884154907909	0	0.906151497056053	0	1.91901286123753	0	0	0	0	1.87094311078835	1.61489643735255	1.33660979614759	0	0	0
