0	4.87587696036727	2.73416919632375	4.22165820700324	3.75950166842246	0	2.83110422914890	0	0	0	2.23204063415130	0	1.78842160476119	0	3.44331462486808	0	2.28868084295793	0	1.51448006284663	4.31331837632603	0	0	0	0	0	0	0	0	1.79745867980818	0	0	0	0	0	0	0	1.84323032678333	0	1.36141017946443	0	0	0	0	0	0	0	0	0	0	0	4.51775574599974	0	0	0	0	0	3.83221770467526	0	2.74704186228056	0	3.12133145882831	0	4.45912985319148	0	3.73035719279883	0	0	0	3.25026581049966	0	2.51333854544841	0	1.39501961052826	4.25575262943034	1.84230209593645	0	0.918135428317617	0	0	0	4.19883875032043	0	3.54136042623143	0	3.83113159094750	0	0	0	3.70385227110722	0	2.30374624245076	0	2.67496942823603	0	2.08750867861545	0	2.26258113523677	0	2.25548428984635	0	0	0	3.62141857025153	0	2.81630063072640	0	0	0	0	0	2.41976095185214	0	2.52729602420670	0	0	0
4.87587696036727	0	0	4.18293295655183	0	4.48409312490003	0	4.92739783656419	0	0	0	4.43143992072331	0	3.93071715710827	0	3.65772009745159	0	1.87003083320935	0	3.59706003505758	0	0	0	0	0	0	0	0	0	3.63610213809898	0	0	0	0	0	0	0	2.45830372395013	0	0	0	0	0	0	0	0	0	3.98345412027715	0	0	0	3.74376350156451	0	0	0	0	0	4.26050077328482	0	3.10432605502421	0	3.61741438755281	0	4.17915550085648	0	3.92249998416199	4.91262110188466	0	4.77164386080281	4.07601034564297	0	3.93928105502589	4.71566910819726	2.92968758226884	0	3.96030683574783	0	1.86800511561658	0	0	0	0	0	0	0	3.81231012251416	0	0	0	3.33068156451192	0	2.08595394388570	0	2.11469318396774	0	3.22522868825011	0	3.08889848639984	0	2.70636051411465	0	2.65746737474035	0	4.10163259560783	0	3.67312106301705	0	0	0	4.31193930627091	0	3.07802265768777	0	4.87366786386745	0	4.17055889597790
2.73416919632375	0	0	4.20726155612462	3.53953291252174	4.37460218776348	3.33970342781264	4.29999864373666	1.52385517367273	0	2.45737974405565	4.13148706716233	2.91900075451376	4.27657904048968	2.71950590806208	0	1.66762871445811	0	4.18593897113889	4.24208769259865	0	4.24810594599315	3.76329118792093	4.46974178268136	3.50551915411828	4.36484808145090	0	0	2.43279063374500	0	4.32123044720677	4.28221054857175	3.61158692091277	4.26959107000904	0	0	4.25591545868201	4.56684544007918	4.35316663001155	0	0	0	5.25237308598903	0	0	0	4.62828214216388	0	5.25225133154839	0	4.89601081651618	0	0	0	4.21618016350745	0	3.55835429475985	0	4.32479916965348	0	3.61406375237728	0	0	0	4.11621576219777	0	4.69075169023417	4.77869434343835	2.01158635023398	0	4.08328189137168	4.33413195098574	2.17703046014548	4.68467509911872	4.21258565346479	0	3.35928692950549	4.58296372753909	0	0	3.41496524384953	0	2.00799132679688	0	4.14423429482676	0	0	0	4.43747439204781	0	3.54989529518349	0	4.14338485335261	0	3.95232422165390	0	3.68199227273679	0	3.38289487803027	0	4.56385498851935	0	4.41248167708750	5.05281180929805	4.14162733116319	0	0	0	0	0	0	0	0	0	0	0
4.22165820700324	4.18293295655183	4.20726155612462	0	4.28539626187195	2.94570054847641	3.99919302176091	4.27081542233235	3.89785748828134	1.69618454528027	0	1.97515120294718	4.40905871972506	3.61975988220457	4.06475375585121	2.78548237623836	0	2.31203801507982	4.15911315279753	3.75677742511349	3.63239119977828	3.29532884328604	4.47612709589568	2.96799139524667	4.50336365439489	2.02720915321440	4.34480974190057	0	4.48743474258763	3.44092193022953	4.23265223941209	3.06310736379709	4.23130106639581	3.26185314571217	0	4.40266450658616	4.74327770216992	4.48662510692069	0	3.76502029436469	0	0	0	4.54510663598826	0	4.58081568457117	0	4.37633910943328	0	0	0	4.43110947733580	0	0	0	3.97789642589024	0	3.87974373344746	0	4.22617581496733	0	0	0	0	0	3.82614364549941	4.82760961319762	3.96667983295647	4.45075056618961	0	4.15554375334254	4.27906271766079	4.79183398035336	3.17418778441319	0	4.63365244196874	4.53723577827418	3.55310220524927	0	0	0	0	0	0	0	0	0	0	4.85108529878031	4.29566170358010	0	2.87740136623376	0	3.85926504903933	0	3.59943878979103	0	0	0	3.26393375570489	0	3.56487083587888	0	4.21348842052860	4.68490836789215	3.91520586703226	0	0	0	3.85573373397967	0	3.49199193962367	0	4.87852088670919	0	5.08515049292339
3.75950166842246	0	3.53953291252174	4.28539626187195	0	4.27398796054619	1.85908968749193	0	3.59372007717601	0	0	0	0	0	3.51988431414700	0	0	0	0	0	1.61798438005854	4.47820822320562	2.92787494641650	4.45710196576320	3.23631281074034	4.24194303289257	2.83203017768306	0	2.10903862816098	0	0	4.56948953594310	0	0	5.43563404172072	5.39546140682014	4.12032109496198	4.86167657203108	3.09695404918305	0	2.26567872951889	0	5.04514024706123	5.46396351849976	4.72098072999084	5.48318658829104	4.82205773344458	0	5.42331298954142	5.39303963569080	5.39251761626226	0	4.66260617642437	0	4.26538152209828	5.18761079553566	4.20655020849600	0	4.18569131134722	0	4.13535547810211	0	0	0	4.86217411360732	0	4.84343633931904	5.45908229995335	4.25780642668208	0	3.31648522479838	4.23561963590399	3.48247183932384	0	4.55461482460361	0	4.68831639310389	0	3.60468830734145	0	4.23388344651048	0	2.04259302735930	0	3.25799336282566	0	3.08811172274462	0	2.98150785636323	4.82088299673008	5.97607262723060	0	5.70814603603654	0	5.07414736841553	0	5.05038637465337	0	0	0	5.84983759173622	0	5.76203557653914	0	5.11042402201545	0	0	0	0	0	0	0	0	0	0	0
0	4.48409312490003	4.37460218776348	2.94570054847641	4.27398796054619	0	0	2.19267580577621	0	2.21626377468693	0	0	0	0	0	2.04862496609761	0	0	0	0	3.81998517849131	2.55507702899561	4.39014473991144	3.67736912677542	0	3.00023681187270	0	2.42006550964408	0	1.72647966819827	3.74164126180716	0	0	0	4.13457869096233	4.22529571777172	4.74335930966962	3.10504139160054	0	1.30833998402837	0	2.96356179449045	0	4.79054692914290	0	4.38619349109163	4.89782146350303	4.63940686121434	5.10866264375953	4.39217986310742	5.25345348317322	4.10846578224956	0	4.88176461927178	0	3.18612362694083	0	4.11214951821826	0	3.93590661973285	0	0	0	0	0	4.47639609631254	4.37881117307713	4.21688595231582	0	0	4.41847945067037	3.89131475414502	0	3.74512902528391	0	4.49157504654360	4.99248405245668	4.92283161715202	0	0	0	4.26877346631148	0	3.47937419493470	0	3.85581926744836	0	2.96450850819177	4.92746414793424	3.04741969128976	0	0	0	5.16449151255928	0	0	0	0	0	0	0	0	0	5.26162385123348	0	4.63962149333713	0	0	0	5.04786718208423	0	0	0	5.52526010271249	0	5.36070752871044
2.83110422914890	0	3.33970342781264	3.99919302176091	1.85908968749193	0	0	4.21617384261275	0.256029427614950	0	2.75930903697058	0	2.86572785038130	0	2.65055846103389	0	1.04993866514549	0	2.65827166793798	0	0	0	3.66842123464360	4.01981974305244	0	0	0	0	2.49485219120743	0	0	4.00746835690066	0	0	0	0	4.51345171023526	4.73817128388286	0	0	0	0	0	0	0	0	4.94664125607556	0	0	0	5.09033721842567	0	0	0	4.41886359505542	0	3.19138406028549	0	4.56996913755469	0	2.70175771795536	0	0	0	3.72142910863959	0	4.75936657486836	0	2.20395010395434	0	4.26314429168245	4.02005868063112	3.22157184771014	0	5.15832020699536	0	4.76084593750272	0	0	0	0	0	0	0	3.99380208713473	0	0	0	4.45776420194618	0	4.36273390851682	0	4.84545943033365	0	5.03378405890518	0	4.96461655846711	0	0	0	0	0	5.21339368072147	0	5.02175601472450	0	0	0	0	0	0	0	0	0	0	0
0	4.92739783656419	4.29999864373666	4.27081542233235	0	2.19267580577621	4.21617384261275	0	0	2.13603060493563	0	3.02685190606071	0	4.17101147052429	0	2.15109955217327	0	2.64408585812704	0	3.98096680786650	0	0	0	3.50845095981246	0	0	0	0	0	3.98827785727567	0	0	0	0	0	0	0	4.47675003221890	0	0	0	0	0	0	0	0	0	0	0	0	0	0	0	0	0	0	0	3.88186890325383	0	4.03369263830087	0	0	0	0	0	3.71960720398417	0	4.82954019177531	0	0	4.28355912733523	4.24671755588012	0	3.73831691658744	0	5.08822820414681	0	4.57997461041769	0	0	0	0	0	0	0	0	0	0	0	0	0	0	0	4.71060375500123	0	0	0	0	0	0	0	0	0	4.99181998395792	0	4.66857227702390	0	0	0	0	0	0	0	0	0	0
0	0	1.52385517367273	3.89785748828134	3.59372007717601	0	0.256029427614950	0	0	0	0	0	2.19187005086219	0	3.50459631687809	0	0	0	0	0	0	0	0	0	0	0	2.82439688714111	0	3.05847397506540	0	0	0	0	0	0	5.37622685260870	3.76166827108377	0	1.72162250160479	0	0	0	5.14455098367711	0	0	0	4.93751293094073	0	5.50002141759993	0	5.44216509800963	0	4.85008042079731	0	4.21126692851855	0	4.22273395609694	0	4.53230290299262	0	0	0	0	0	0	0	4.77627779520926	5.50024600927438	0	0	4.11395603484822	0	4.39380803499142	0	4.64912550178228	0	4.42579850099900	0	3.98770340791184	0	0	0	3.49418633160922	0	4.53697397963099	0	0	0	4.33287035566981	0	0	0	5.58406237520721	0	5.00862554179605	0	0	0	0	0	0	0	5.58704430570958	0	5.05561878995897	0	0	0	0	0	0	0	0	0	0	0
0	0	0	1.69618454528027	0	2.21626377468693	0	2.13603060493563	0	0	0	0	0	0	0	2.99430775203206	0	0	0	0	0	2.68476685191872	0	0	0	0	0	0	0	2.98638915316854	0	0	0	0	4.26844686716230	4.39252309627304	0	3.46309972743860	0	1.31361258911347	0	3.35617682688651	0	4.94212374197776	0	4.50905138051023	5.04179452709679	4.81384801330618	0	4.50353426534757	5.32707738077974	4.42680228086538	0	4.96221709041346	0	4.32228256974306	0	4.34426036532721	0	4.13283234409909	0	0	0	0	0	4.40900256287730	4.62869427273087	4.27346866317101	0	0	0	4.32647216059990	0	4.13739022321857	0	4.68898714845397	0	4.82535297993942	0	0	0	0	0	0	0	4.28318112310480	0	0	0	3.87141250575845	0	0	0	5.12853825474172	0	0	0	0	0	0	0	0	0	5.36838241933493	0	4.68055956595900	0	0	0	5.21177242918625	0	0	0	5.67739747826810	0	5.48827872939417
2.23204063415130	0	2.45737974405565	0	0	0	2.75930903697058	0	0	0	0	0	3.04513957352962	0	0	0	2.31577421271544	0	2.08428450304836	0	0	0	3.45410433686123	0	0	0	0	0	2.89004629201228	0	0	0	0	0	0	0	0	0	0	0	0	0	0	0	0	0	0	0	0	0	4.50171258424414	0	0	0	0	0	2.79122826107948	0	2.77083858758307	0	3.56402234562219	0	4.59605172292142	0	3.63982174170787	0	0	0	0	0	0	0	3.30608031259284	0	0	0	0	0	0	0	4.60485840866418	0	2.28534730995988	0	3.79182681024555	0	0	0	3.53686905250779	0	0	0	0	0	0	0	0	0	0	0	0	0	0	0	0	0	0	0	0	0	0	0	0	0	0	0
0	4.43143992072331	4.13148706716233	1.97515120294718	0	0	0	3.02685190606071	0	0	0	0	0	3.77270935700310	0	1.57737050189917	0	0.971593340670590	0	2.45613130175469	0	0	0	3.37777464938526	0	0	0	0	0	2.10225375428077	0	0	0	0	0	0	0	0	0	0	0	0	0	0	0	0	0	0	0	0	0	0	0	0	0	0	0	2.70572135685253	0	2.66866123610457	0	3.56462738978350	0	3.79738535470658	0	3.83647162458258	0	0	0	0	0	0	0	2.70954244490738	0	0	0	0	0	0	0	0	0	1.92685335341472	0	2.45997503472546	0	0	0	2.41599739965365	0	0	0	0	0	0	0	0	0	0	0	0	0	0	0	0	0	0	0	0	0	0	0	0	0	0
1.78842160476119	0	2.91900075451376	4.40905871972506	0	0	2.86572785038130	0	2.19187005086219	0	3.04513957352962	0	0	4.40493794305695	2.47936779298616	0	3.84094684412385	0	2.18541461073283	0	0	0	3.38751048671455	0	0	0	0	0	4.67880533351808	0	0	0	0	0	0	0	4.79058193167800	5.35303878064632	0	0	0	0	5.42568840047260	0	0	0	5.51252136219939	0	5.53471427903966	0	5.38275631628770	0	0	0	4.45217363224883	0	4.15794881659116	0	4.54567760274176	0	3.93740972126574	0	0	0	4.75441811354421	0	5.16860816418276	0	3.74111832625060	0	4.92354016539591	4.40215081367147	4.57948977408804	0	5.20384357905267	0	5.14811329645544	0	4.27327039369121	0	4.50029136244656	0	4.10063172906554	0	4.64785891468428	0	0	0	4.76622685516885	0	5.45077820927521	0	5.64865727661604	0	5.37983197378484	0	5.43033806472390	0	5.08883247759476	0	0	0	5.69671772063782	0	5.20285383807240	0	0	0	0	0	0	0	0	0	0	0
0	3.93071715710827	4.27657904048968	3.61975988220457	0	0	0	4.17101147052429	0	0	0	3.77270935700310	4.40493794305695	0	0	1.98365624601449	0	3.10583558550588	0	3.53413719333996	0	0	0	3.27266089964811	0	0	0	0	0	3.84826473311148	0	0	0	0	0	0	0	0	0	0	0	0	0	0	0	4.30307676421265	0	5.14406826230980	0	4.08423075626243	0	4.21642900786889	0	0	0	4.33255728230324	0	3.72815893884121	0	3.87231969587675	0	0	0	3.97652946099202	0	3.69966308873516	0	4.45766750515985	0	0	4.58009713714087	4.27584946415756	5.10723169841712	3.43164339316767	0	4.80157646086626	0	4.80248790880294	0	0	0	3.93201121698559	0	0	0	3.68485558232315	0	0	0	3.45210850963341	0	0	0	5.02333015166703	0	4.73227384737941	0	0	0	0	0	0	0	5.40831698682478	0	4.79748290330445	0	0	0	0	0	0	0	5.70206506725393	0	5.65175198982890
3.44331462486808	0	2.71950590806208	4.06475375585121	3.51988431414700	0	2.65055846103389	0	3.50459631687809	0	0	0	2.47936779298616	0	0	0	0	0	0	0	2.16726583279298	0	0	0	3.62942189906978	0	3.12351394288265	0	3.61438058319342	0	0	0	0	0	0	5.50422716454791	4.02489343097671	5.11494691551117	4.18675654940096	0	2.60969420332070	0	5.18863046658015	0	0	0	4.96785674071100	0	5.28982488011933	0	5.26800072720210	0	0	0	4.89884344036124	0	4.01597191867332	0	4.29558414047557	0	4.01538736801685	0	0	0	4.65985446247520	0	4.97104968115105	5.43392562201993	0	0	3.45507494825142	0	4.03543872285341	0	4.23105490740136	0	4.12287384208616	0	3.85010683958945	0	3.78167718052341	0	2.82179542577699	0	4.12015023954424	0	0	0	3.60788927538251	0	0	0	0	0	4.58418014319117	0	0	0	0	0	0	0	5.22904870535545	0	4.81296139023457	0	0	0	0	0	0	0	0	0	0	0
0	3.65772009745159	0	2.78548237623836	0	2.04862496609761	0	2.15109955217327	0	2.99430775203206	0	1.57737050189917	0	1.98365624601449	0	0	0	0	0	0	0	1.80247936352380	0	0	0	0	0	0.807726095289651	0	2.64831809916722	0	0	0	0	4.34588548309404	4.37460815334010	0	3.43905895390417	0	1.16061694674230	0	3.57281491902630	0	5.02936129430825	0	4.33758023814259	0	4.92649708081244	0	4.34880091635160	5.32611749932318	4.18000174983284	0	4.89884206289662	0	4.50119701249345	0	3.75049221371692	0	3.81994569581073	0	0	0	4.00477959661346	0	3.71506829343304	4.40445962345478	4.06280396437994	0	0	0	4.57174188468895	0	3.15295352249258	0	5.07326773586134	0	5.26240509008687	0	0	0	3.87543029603160	0	3.35850987249111	0	3.79679610118381	0	3.07306983248297	0	4.23420211860665	0	0	0	0	0	0	0	0	0	0	0	0	0	5.36069544500438	0	4.98507428715194	0	0	0	0	0	0	0	6.04243627615295	0	0
2.28868084295793	0	1.66762871445811	0	0	0	1.04993866514549	0	0	0	2.31577421271544	0	3.84094684412385	0	0	0	0	0	1.83889360615942	0	0	0	0	0	0	0	0	0	4.21866512439512	0	0	0	0	0	0	0	0	0	0	0	0	0	0	0	0	0	0	0	0	0	0	0	0	0	0	0	2.28381136653768	0	0	0	3.94729730557135	0	3.26862774482465	0	0	0	0	0	0	0	0	0	2.69710573392525	0	0	0	0	0	1.98762780316400	0	2.99894489912983	0	3.56694914331119	0	4.21803353817644	0	0	0	0	0	0	0	0	0	0	0	0	0	0	0	0	0	0	0	0	0	0	0	0	0	0	0	0	0	0	0
0	1.87003083320935	0	2.31203801507982	0	0	0	2.64408585812704	0	0	0	0.971593340670590	0	3.10583558550588	0	0	0	0	0	2.24394556259982	0	0	0	0	0	0	0	0	0	3.74906603743565	0	0	0	0	0	0	0	0	0	0	0	0	0	0	0	0	0	0	0	0	0	0	0	0	0	0	0	3.10731611627677	0	3.20061255530886	0	3.27394730567646	0	3.78740740725605	0	4.00494572557588	0	0	0	0	0	0	0	2.45339600660137	0	0	0	0	0	2.98198435081760	0	4.09954964490026	0	1.26882477011926	0	3.33302967147455	0	0	0	0	0	0	0	0	0	0	0	0	0	0	0	0	0	0	0	0	0	0	0	0	0	0	0	0	0	0
1.51448006284663	0	4.18593897113889	4.15911315279753	0	0	2.65827166793798	0	0	0	2.08428450304836	0	2.18541461073283	0	0	0	1.83889360615942	0	0	4.14101690766191	0	0	0.877189361442877	3.86131266215036	0	0	0	0	1.58669260820122	0	4.06522111526106	4.21157197030634	3.63739975797364	4.30733077986616	0	0	2.86784673739364	0	0	0	0	0	0	0	0	0	0	0	0	0	0	0	0	0	0	0	0	0	0	0	0	0	0	0	0	0	4.78182129209532	3.96885526445606	2.33670366831285	4.44699979245400	3.17467076370421	4.06822453328336	1.63753907796342	0	2.47390373241719	0	1.60610109130617	0	0	0	0	0	0	0	0	0	0	0	0	0	2.82964728453835	0	3.30874628961099	0	2.54425829828508	0	2.80650635458902	0	2.70670078255163	0	3.65238328023434	0	3.56936766969034	0	2.83822068398996	0	0	0	0	0	0	0	0	0	0	0
4.31331837632603	3.59706003505758	4.24208769259865	3.75677742511349	0	0	0	3.98096680786650	0	0	0	2.45613130175469	0	3.53413719333996	0	0	0	2.24394556259982	4.14101690766191	0	0	0	3.88083902561437	3.58900671567845	0	0	0	0	0	2.57399792945943	4.59107890338035	4.09451751233536	4.31754598762415	4.70009672340395	0	0	0	3.80229947342554	0	0	0	0	0	3.75606634678607	0	0	0	4.47981195560957	0	0	0	0	0	0	0	0	0	2.18736494102718	4.68148082535639	0	0	0	0	0	0	0	4.54617199064475	3.77994119420644	4.25568838051525	2.72754823515887	4.41483082885868	3.70757435879716	4.59799341307587	2.71078611936300	0	3.34984604586507	0	2.58547690934576	0	0	0	0	0	0	0	0	0	0	0	0	0	2.48780714479708	0	2.42324674902351	0	3.91450590676014	0	3.35584130812209	0	3.14139486328241	0	3.49084084596056	0	4.39024824279552	0	3.55482110649579	0	0	0	4.16188546483255	0	0	0	4.78290443220794	0	4.64737306662141
0	0	0	3.63239119977828	1.61798438005854	3.81998517849131	0	0	0	0	0	0	0	0	2.16726583279298	0	0	0	0	0	0	2.80236004808691	4.49085366573138	4.20708556761914	2.59622779390413	4.81910863234157	-0.328536971653838	3.92924412495886	3.13828887106127	0	1.49799061392836	4.29218057566013	1.53896453940028	0	5.68699724512605	5.44000765796306	3.59298248797544	3.52486735402238	2.82687542629067	0	1.28413340132256	0	5.34060023478668	5.57086209132655	0	0	4.76630983194498	0	5.77252019153414	0	5.79048992223306	0	0	0	4.09914912902426	5.12298874980194	3.13748030249100	0	3.90070345751004	0	0	0	0	0	0	0	5.27253549145496	5.47784700752360	3.77710898929677	0	1.40434272613939	2.69026791704187	1.85636813020035	0	0	0	3.08728763775302	0	0	0	0	0	4.50940192479967	0	3.03910665941247	0	2.71237910885391	0	2.76517212026141	0	0	0	0	0	0	0	0	0	0	0	0	0	0	0	0	0	0	0	0	0	0	0	0	0	0	0
0	0	4.24810594599315	3.29532884328604	4.47820822320562	2.55507702899561	0	0	0	2.68476685191872	0	0	0	0	0	1.80247936352380	0	0	0	0	2.80236004808691	0	4.49940219647943	4.03146821077023	4.95075600316530	3.14182639670279	0	1.60716834466086	0	2.52693288275415	3.34335916966088	2.32552197389451	0	0	3.83234471364180	3.82170578197101	0	3.10639493094269	0	2.58553160889872	0	1.15771451014151	0	4.65729566616388	0	4.13405729623678	0	4.26459470952877	5.04255175661306	4.10718860884069	5.22616629894466	3.81725499982668	0	4.67173509345067	0	2.42190484732147	0	2.91637134190430	0	3.10082512381025	0	0	0	0	0	0	4.21256000881005	3.49381737204285	0	0	4.43511326085142	1.93574839545370	0	0.239343169510148	0	0	0	0	0	0	0	0	0	4.40192659339484	0	3.89032248952999	0	2.57638508842853	0	1.79289061711554	0	0	0	0	0	0	0	0	0	0	0	0	0	0	0	0	0	0	0	0	0	0	0	0	0	0
0	0	3.76329118792093	4.47612709589568	2.92787494641650	4.39014473991144	3.66842123464360	0	0	0	3.45410433686123	0	3.38751048671455	0	0	0	0	0	0.877189361442877	3.88083902561437	4.49085366573138	4.49940219647943	0	4.63960669936055	1.84813281230752	4.55558268911240	3.48483531527211	0	3.59804894101987	0	4.42478471308212	4.66516540991186	3.72717032335007	4.06599179086539	3.58624036367861	0	4.33549158201378	0	0	0	0	0	3.96421698916654	3.35839190318115	3.63242805064941	0	4.87308399021989	0	5.30152701004930	0	5.13583013960999	0	0	0	4.09438582412080	0	3.81007044365254	0	4.53636983206749	0	0	0	0	0	0	0	4.01491630841343	3.88053106149736	4.62442573876537	0	4.18926148387886	0	3.68379908521157	0	5.00189149436238	0	4.64488557021336	4.95015922335249	0	0	0	0	0	0	4.19159932348214	0	0	0	4.60816268001476	0	5.28569191233810	0	5.46433591543620	0	5.10695025578124	0	4.76854387570935	0	0	0	0	0	5.65776191172736	0	5.10606391435852	0	0	0	0	0	0	0	0	0	0	0
0	0	4.46974178268136	2.96799139524667	4.45710196576320	3.67736912677542	4.01981974305244	3.50845095981246	0	0	0	3.37777464938526	0	3.27266089964811	0	0	0	0	3.86131266215036	3.58900671567845	4.20708556761914	4.03146821077023	4.63960669936055	0	4.62027624503701	2.90204648644688	4.67660216635495	3.07397373348746	0	3.66719297469217	4.41759357577561	3.28218066817818	4.14291608938807	3.96760228898250	0	3.39845316288685	0	4.51663869727793	0	3.87341043835103	0	0	4.38548062249465	3.46657576759435	0	3.55819546980303	0	4.48297460045629	0	0	0	0	0	0	0	3.99103844468415	0	4.03945606154547	0	4.01189285459620	0	0	0	0	0	0	3.87636046368336	3.24365784764700	0	4.06336179223394	0	4.11720581039339	0	3.58491996448185	0	4.57337746624484	4.93764841477647	4.52869568222097	0	0	0	0	0	0	0	0	0	0	0	4.24610557968131	0	0	0	4.89558409122696	0	0	0	0	0	0	0	0	0	5.26925355169273	0	4.78155623578472	0	0	0	4.57806433874812	0	0	0	0	0	5.41487789599225
0	0	3.50551915411828	4.50336365439489	3.23631281074034	0	0	0	0	0	0	0	0	0	3.62942189906978	0	0	0	0	0	2.59622779390413	4.95075600316530	1.84813281230752	4.62027624503701	0	0	3.05971107440659	0	3.78147685380944	0	4.11880702507567	4.92961709521948	2.18412210572838	0	4.33643277586182	0	4.24838950483174	0	0	0	0	0	3.65434772372652	0	2.63577493072370	0	4.96771612414393	0	5.22589646838066	0	5.36592997476675	0	0	0	4.05296162898265	0	4.06541444830755	0	4.06507325614078	0	0	0	0	0	0	0	2.94297410469389	4.93331993253748	0	0	3.76714256282203	4.32009882873787	3.54598945977109	0	4.40733060539854	0	4.75882127488256	0	0	0	0	0	0	0	4.00249024662114	0	0	0	3.45872634778902	0	0	0	0	0	0	0	0	0	0	0	0	0	5.76553946922253	0	5.09427207251498	0	0	0	0	0	0	0	0	0	0	0
0	0	4.36484808145090	2.02720915321440	4.24194303289257	3.00023681187270	0	0	0	0	0	0	0	0	0	0	0	0	0	0	4.81910863234157	3.14182639670279	4.55558268911240	2.90204648644688	0	0	0	2.26140302087442	0	0	4.17636859290767	4.04597154396289	3.32512538623976	2.63765012201679	3.75946465205496	3.20991019278326	0	4.20641002646315	0	0	0	3.06624305144646	0	4.30607219042506	3.72154979073718	3.75720151288425	0	4.76307933632847	0	4.22208598015804	0	4.09191511621162	0	0	0	3.66687108168236	0	4.19320226874534	0	4.06419708553093	0	0	0	0	0	0	3.50368893464061	2.92127692071328	0	0	4.29926930987961	3.92009064782010	0	3.75139040907606	0	4.32848399466585	0	4.73495925999805	0	0	0	0	0	0	0	0	0	0	0	3.94891351943194	0	0	0	5.10671758997576	0	0	0	0	0	0	0	0	0	5.28422840279839	0	4.62170611337163	0	0	0	5.01036963865567	0	0	0	5.50009111722498	0	5.34978932653265
0	0	0	4.34480974190057	2.83203017768306	0	0	0	2.82439688714111	0	0	0	0	0	3.12351394288265	0	0	0	0	0	-0.328536971653838	0	3.48483531527211	4.67660216635495	3.05971107440659	0	0	0	2.36501530257959	0	3.67389658926816	4.73646359074171	0	0	5.54624238974108	0	3.39097462272457	4.84186049671633	3.16660037358630	0	0.928785513028735	0	5.07794041229220	5.34692919710013	0	0	4.71890254070503	0	5.57720397258722	0	5.59256851061198	0	0	0	3.69684685235731	0	3.53119845883332	0	3.62491817492477	0	0	0	0	0	0	0	2.59193318672866	5.27481038967562	0	0	0.548818085858209	1.91153001604173	1.55696582198482	0	0	0	3.60712580747100	0	0	0	0	0	2.18694640402483	0	2.49641984159112	0	2.44452883765838	0	2.11155843087051	0	0	0	0	0	0	0	0	0	0	0	0	0	0	0	0	0	0	0	0	0	0	0	0	0	0	0
0	0	0	0	0	2.42006550964408	0	0	0	0	0	0	0	0	0	0.807726095289651	0	0	0	0	3.92924412495886	1.60716834466086	0	3.07397373348746	0	2.26140302087442	0	0	0	2.97665313514777	0	3.51086879141287	0	0	3.93867795148691	3.87661850490820	4.56952638435607	3.05668610118557	0	2.56705688434717	0	1.69374139904857	0	4.75975774796672	0	4.14760288670029	0	4.49941803087221	5.11768685884461	4.18221968849699	5.22029825296614	3.59735417543612	0	4.64957119420940	0	2.37433107334035	0	2.93737243301560	0	3.16202159376705	0	0	0	0	0	0	4.11023689312757	3.61301200071968	0	0	2.80188369610834	2.64139295949075	0	1.42200410229137	0	0.614572737527153	0	0	0	0	0	0	0	3.73086852655316	0	0	0	1.81093327905684	4.47341857743393	1.98328240923272	0	0	0	0	0	0	0	0	0	0	0	0	0	0	0	0	0	0	0	0	0	0	0	0	0	0
1.79745867980818	0	2.43279063374500	4.48743474258763	2.10903862816098	0	2.49485219120743	0	3.05847397506540	0	2.89004629201228	0	4.67880533351808	0	3.61438058319342	0	4.21866512439512	0	1.58669260820122	0	3.13828887106127	0	3.59804894101987	0	3.78147685380944	0	2.36501530257959	0	0	0	0	0	0	0	0	0	5.77453861491898	5.37249738779224	5.81481506429174	0	0	0	5.50008839918889	0	0	0	5.78991267115574	0	5.43718382110634	0	5.23255482576968	0	0	0	4.72252006305242	0	2.83515735792017	0	3.79899057719814	0	2.25624098135069	0	4.36115739639195	0	3.22454121184453	0	0	0	1.65291163547534	0	2.72428914511173	0	2.91139760076516	5.05852897983426	5.43307710206093	0	5.21691939459391	0	4.25255782936998	0	4.46007157566933	0	3.89055027909599	0	4.17342033913814	0	3.92695303434452	0	3.95906937671608	0	5.12601574196883	0	5.48477954940296	0	5.42754079545111	0	5.54233881546088	0	4.89772954932676	0	0	0	5.67153554022375	0	5.12910415793493	0	0	0	0	0	0	0	0	0	0	0
0	3.63610213809898	0	3.44092193022953	0	1.72647966819827	0	3.98827785727567	0	2.98638915316854	0	2.10225375428077	0	3.84826473311148	0	2.64831809916722	0	3.74906603743565	0	2.57399792945943	0	2.52693288275415	0	3.66719297469217	0	0	0	2.97665313514777	0	0	0	0	0	0	0	0	0	3.22468469326600	0	0	0	0	0	5.28633324813559	0	4.41222611819382	0	0	0	4.12514105892509	0	4.16172538918759	0	5.08594256764930	0	0	0	2.87428754920253	0	3.20152953327193	0	0	0	4.47019303626355	0	4.00852690051954	0	3.94357714001542	0	0	0	0	0	1.86490682135328	0	4.52256467845446	0	0	0	3.81566531002451	0	4.15347234741382	0	3.81974199201373	0	3.50099464074546	0	3.59040327465200	0	0	0	0	0	0	0	0	0	0	0	0	0	0	0	0	0	0	0	0	0	0	0	0	0	0	0	0
0	0	4.32123044720677	4.23265223941209	0	3.74164126180716	0	0	0	0	0	0	0	0	0	0	0	0	4.06522111526106	4.59107890338035	1.49799061392836	3.34335916966088	4.42478471308212	4.41759357577561	4.11880702507567	4.17636859290767	3.67389658926816	0	0	0	0	4.15304046299407	2.44892657057220	4.12263840613989	2.33074599932980	0	0	0	0	0	0	0	3.25217883230033	0	2.72756903534900	0	0	0	0	0	0	0	0	0	0	0	0	0	3.58805083238958	0	0	0	0	0	0	0	3.20432484324545	3.29943807341477	4.53820066189816	0	0	0	0	0	0	0	0	0	0	0	0	0	0	0	0	0	0	0	0	0	0	0	0	0	0	0	0	0	0	0	0	0	0	0	0	0	0	0	0	0	0	0	0	0	0	0
0	0	4.28221054857175	3.06310736379709	4.56948953594310	0	4.00746835690066	0	0	0	0	0	0	0	0	0	0	0	4.21157197030634	4.09451751233536	4.29218057566013	2.32552197389451	4.66516540991186	3.28218066817818	4.92961709521948	4.04597154396289	4.73646359074171	3.51086879141287	0	0	4.15304046299407	0	4.10877113926428	2.99315697603081	3.57961119116361	2.84030148998910	0	0	0	0	0	0	3.95457074128875	3.11731244633569	3.13617664012780	2.85001799040551	0	3.77613837072784	0	0	0	0	0	0	0	0	0	0	4.34128243885677	0	0	0	0	0	0	0	3.68533461044717	2.90084489376587	4.80240480599744	3.42659499054066	0	0	0	0	0	0	0	0	0	0	0	0	0	0	0	0	0	0	0	0	0	0	0	0	0	0	0	0	0	0	0	0	0	0	0	0	0	0	0	0	0	0	0	0	0	0
0	0	3.61158692091277	4.23130106639581	0	0	0	0	0	0	0	0	0	0	0	0	0	0	3.63739975797364	4.31754598762415	1.53896453940028	0	3.72717032335007	4.14291608938807	2.18412210572838	3.32512538623976	0	0	0	0	2.44892657057220	4.10877113926428	0	4.37980719810644	1.88543038176269	0	0	0	0	0	0	0	3.21095228031446	0	3.03107627460158	0	0	0	0	0	0	0	0	0	0	0	0	0	4.03441184763457	4.51990623389986	0	0	0	0	0	0	4.24416035902966	4.78225631041439	4.43864873853687	4.56446064845063	0	0	0	0	0	0	0	0	0	0	0	0	0	0	0	0	0	0	0	0	0	0	0	0	0	0	0	0	0	0	0	0	0	0	0	0	0	0	0	0	0	0	0	0	0	0
0	0	4.26959107000904	3.26185314571217	0	0	0	0	0	0	0	0	0	0	0	0	0	0	4.30733077986616	4.70009672340395	0	0	4.06599179086539	3.96760228898250	0	2.63765012201679	0	0	0	0	4.12263840613989	2.99315697603081	4.37980719810644	0	4.07073643543423	2.85463780844414	0	0	0	0	0	0	5.00509109078554	3.26070293080634	4.37821182498139	3.30489351285182	0	3.78925355318619	5.06219845697438	0	0	0	0	0	0	0	0	4.20107804085165	5.06298152839891	2.67130706112672	0	0	0	0	0	0	4.95170057344053	3.36376238813727	4.40043767740020	3.83273785652489	0	0	0	0	0	0	0	0	0	0	0	0	0	0	0	0	0	0	0	0	0	0	0	0	0	0	0	0	0	0	0	0	0	0	0	0	0	0	0	0	3.68597018093291	0	0	0	0	0
0	0	0	0	5.43563404172072	4.13457869096233	0	0	0	4.26844686716230	0	0	0	0	0	4.34588548309404	0	0	0	0	5.68699724512605	3.83234471364180	3.58624036367861	0	4.33643277586182	3.75946465205496	5.54624238974108	3.93867795148691	0	0	2.33074599932980	3.57961119116361	1.88543038176269	4.07073643543423	0	5.00007939340004	4.89763803731711	3.87456527495083	0	4.10088121304583	0	3.86288835664155	0	4.32667883254239	3.55495845595052	5.44162442015456	0	0	3.87096061065532	4.49828734566070	0	4.09237531216860	0	0	0	3.74299409852534	0	0	4.55288666429174	5.08371209830753	0	0	0	0	0	0	3.88240723979039	5.35448805508420	0	0	0	4.37378012597355	0	4.34372136216125	0	0	0	4.23545277916255	0	0	0	0	0	0	0	0	0	3.89800313639231	0	4.19605826659981	0	0	0	0	0	0	0	0	0	0	0	0	0	4.05729634060589	0	3.86289927075980	0	0	0	0	0	0	0	0	0	0
0	0	0	4.40266450658616	5.39546140682014	4.22529571777172	0	0	5.37622685260870	4.39252309627304	0	0	0	0	5.50422716454791	4.37460815334010	0	0	0	0	5.44000765796306	3.82170578197101	0	3.39845316288685	0	3.20991019278326	0	3.87661850490820	0	0	0	2.84030148998910	0	2.85463780844414	5.00007939340004	0	4.97948251440011	3.73858700063615	5.16062139964729	3.69765485837054	5.41489506211010	3.68159749972949	0	0	4.67884965284002	5.46011435066349	0	0	5.16798077637797	0	5.46769503680969	0	5.32684287882443	0	0	2.88392616967271	0	0	5.23379684205148	5.04974178178594	0	0	0	0	0	0	5.04320246045215	5.18507554342924	0	0	4.18979020375498	4.48002268247199	4.63427432369939	0	0	0	4.23880441379702	4.08093904532883	0	0	0	0	0	0	0	0	5.17681378225269	3.57670056116196	5.45624958420680	3.39865890972869	0	0	0	0	0	0	0	0	0	0	0	0	0	0	0	0	0	0	0	0	0	0	0	0	0	0
1.84323032678333	0	4.25591545868201	4.74327770216992	4.12032109496198	4.74335930966962	4.51345171023526	0	3.76166827108377	0	0	0	4.79058193167800	0	4.02489343097671	0	0	0	2.86784673739364	0	3.59298248797544	0	4.33549158201378	0	4.24838950483174	0	3.39097462272457	4.56952638435607	5.77453861491898	0	0	0	0	0	4.89763803731711	4.97948251440011	0	4.55239807129365	3.84050886168335	0	3.37863407593961	4.55905361902041	5.85730314211064	5.44731038638997	4.46930077501919	4.24588864793639	4.17903177169437	4.46915939866460	5.79194880144771	3.95768723232361	5.70937445529065	4.36716542204256	0	0	2.97519467528540	4.59696307895156	2.48986819677759	0	4.17840645868106	5.10513567993931	0	0	0	0	0	0	4.34760086905303	5.12964326075318	2.72266375216646	0	3.39850542826344	4.60609646763450	3.99168496588460	5.03813690802931	4.50995403427182	0	3.13690021224881	4.40015914948557	0	0	0	0	4.60172132534398	0	4.32917516153893	0	2.78738944629080	4.20814397836093	3.58694116763867	4.44519943256464	4.22242804491587	4.24955666021038	3.92504703310102	0	4.08247297643333	0	3.22239166352252	0	3.44426306448018	4.31850649234461	3.57747704510931	0	4.58832643694609	0	4.09971716635466	0	0	0	0	0	0	0	0	0	0	0
0	2.45830372395013	4.56684544007918	4.48662510692069	4.86167657203108	3.10504139160054	4.73817128388286	4.47675003221890	0	3.46309972743860	0	0	5.35303878064632	0	5.11494691551117	3.43905895390417	0	0	0	3.80229947342554	3.52486735402238	3.10639493094269	0	4.51663869727793	0	4.20641002646315	4.84186049671633	3.05668610118557	5.37249738779224	3.22468469326600	0	0	0	0	3.87456527495083	3.73858700063615	4.55239807129365	0	4.86554515328503	1.90825597473247	4.78116888548484	2.60853550411073	5.31778015388038	5.21325426046562	4.20731609039366	4.47266239168369	4.58529815153553	4.33966962406320	4.52732727787889	4.30827059289652	5.29499463911642	4.11223115399682	0	5.03946876129264	4.45509474143272	3.18469776992542	0	2.58161241893122	4.56642286762394	3.57330974720989	0	0	0	0	0	3.36525769226259	4.19435479744544	3.86949365774014	0	3.01384310326033	4.32851092427614	4.05668265966579	4.59647263259193	3.32197630564333	0	0	4.09978686765744	3.52747663130982	0	0	0	0	0	3.36650359521817	5.02344901532372	3.54648974868512	0	2.54830675992297	4.84382176735141	3.17699138395132	0	2.66651332350822	0	2.17944382463598	0	3.42703175164397	0	0	0	3.18072249926707	0	2.51347333983625	0	2.97370298330827	0	3.69818433986802	0	0	0	0	0	3.62108124424163	0	4.37380862967377	0	3.33706700160216
1.36141017946443	0	4.35316663001155	0	3.09695404918305	0	0	0	1.72162250160479	0	0	0	0	0	4.18675654940096	0	0	0	0	0	2.82687542629067	0	0	0	0	0	3.16660037358630	0	5.81481506429174	0	0	0	0	0	0	5.16062139964729	3.84050886168335	4.86554515328503	0	0	3.54712173170658	0	2.56358266082879	0	3.02181822764529	5.54948769472650	2.73137834486600	4.48427742495187	4.68963801143785	0	4.95872675189447	0	0	0	2.24189873614467	0	2.10370604446714	0	4.12624138162784	0	4.52999802611333	0	0	0	4.99657556337430	0	2.93758749557670	5.35160525030843	2.70367736577813	0	3.59456357349811	0	3.42204375024232	0	0	0	3.63187836622999	0	0	0	0	0	3.44340272552374	0	4.64916061815433	0	2.99832062535409	0	3.24022686327557	0	3.64756947577839	0	3.16610059806035	0	3.41276003242037	0	2.85963283383419	0	3.78924717367378	0	2.96959693046803	0	3.40622288980869	0	3.07681886237298	0	0	0	0	0	3.71785325080264	0	3.75701601438796	0	0	0
0	0	0	3.76502029436469	0	1.30833998402837	0	0	0	1.31361258911347	0	0	0	0	0	1.16061694674230	0	0	0	0	0	2.58553160889872	0	3.87341043835103	0	0	0	2.56705688434717	0	0	0	0	0	0	4.10088121304583	3.69765485837054	0	1.90825597473247	0	0	0	2.85424052544409	0	2.57060619965251	3.29683110157396	3.01591958495338	4.46041245001139	1.79296113838072	4.29216597876688	3.61288613793804	5.31756629374469	3.98585738674366	0	2.17509819171377	0	1.49197096826586	0	2.91779000136749	4.55193524100722	3.75387449644852	0	0	0	0	0	4.07294944435266	4.00991039584015	2.08369362886287	0	0	0	3.28286897764760	0	0	0	0	0	2.02000087390372	0	0	0	0	0	1.81639883405355	0	3.85171201495486	0	2.03509132647553	0	1.79580953729133	0	2.99103228338975	0	2.32394007192017	0	1.95182495864906	0	1.31940722884515	0	3.60716496881187	0	0	0	2.66613587229041	0	0	0	0	0	0	0	3.80834416462642	3.25509771374977	0	0	0
0	0	0	0	2.26567872951889	0	0	0	0	0	0	0	0	0	2.60969420332070	0	0	0	0	0	1.28413340132256	0	0	0	0	0	0.928785513028735	0	0	0	0	0	0	0	0	5.41489506211010	3.37863407593961	4.78116888548484	3.54712173170658	0	0	0	5.40001806123055	0	4.22904131409243	5.76270171159052	4.21554824063528	0	5.54913659257675	5.49603197560522	5.40541505770090	0	0	0	3.48821173659868	4.84970576700344	2.95129248420273	0	3.93582318094016	0	0	0	0	0	0	0	3.74960886326292	5.35000627870071	4.22150460224579	0	0.838795754037363	0	1.01916748488787	0	0	0	3.53165005330567	0	0	0	0	0	0	0	3.99587554103212	0	2.92113614881368	0	2.26725852754175	4.75741303881085	0	0	5.26080956503616	0	0	0	3.39896792309758	0	0	0	0	0	5.24045009726749	0	4.24336740142838	0	0	0	0	0	0	0	0	0	5.64652536665011	0
0	0	0	0	0	2.96356179449045	0	0	0	3.35617682688651	0	0	0	0	0	3.57281491902630	0	0	0	0	0	1.15771451014151	0	0	0	3.06624305144646	0	1.69374139904857	0	0	0	0	0	0	3.86288835664155	3.68159749972949	4.55905361902041	2.60853550411073	0	2.85424052544409	0	0	0	4.92365612670410	3.88177181450736	4.15056130752215	4.45156788771543	3.97805001418307	5.17250166464193	3.95644046898117	5.20214265193260	3.65895091641855	0	4.57856091081741	0	3.09839626165890	0	3.02970623310661	0	3.21673383065660	0	0	0	0	0	0	4.17780769888042	3.39034973837098	0	0	0	0.381966432169223	0	1.24549737374236	0	0.115032105085494	0	3.28532218363604	0	0	0	0	0	2.78614810064066	5.04780199269446	0	0	0.951747845895472	4.78904847757825	2.82635095953674	0	0	0	4.12511740670381	0	2.29134436652873	0	0	0	0	0	0	0	4.29120255742219	0	3.29369752163164	0	0	0	3.45568448338354	0	0	0	4.59462004485425	0	4.10292129728855
0	0	5.25237308598903	0	5.04514024706123	0	0	0	5.14455098367711	0	0	0	5.42568840047260	0	5.18863046658015	0	0	0	0	0	5.34060023478668	0	3.96421698916654	4.38548062249465	3.65434772372652	0	5.07794041229220	0	5.50008839918889	0	3.25217883230033	3.95457074128875	3.21095228031446	5.00509109078554	0	0	5.85730314211064	5.31778015388038	2.56358266082879	0	5.40001806123055	0	0	0	1.67828664424674	0	2.37475585727133	0	2.29591869880366	0	1.05097326756807	0	0.752944163598221	0	1.48546449252111	0	0	0	4.23395080494119	0	0	0	0	0	0	0	3.96147673544647	5.10499649985205	0	0	4.83682933853892	0	0	0	0	0	0	0	0	0	0	0	4.69334483819720	0	5.01822146137444	0	3.92822219812836	0	4.83908624056067	0	0	0	0	0	0	0	0	0	0	0	0	0	0	0	0	0	0	0	0	0	2.67229877660231	0	0	0	0	0
0	0	0	4.54510663598826	5.46396351849976	4.79054692914290	0	0	0	4.94212374197776	0	0	0	0	0	5.02936129430825	0	0	0	3.75606634678607	5.57086209132655	4.65729566616388	3.35839190318115	3.46657576759435	0	4.30607219042506	5.34692919710013	4.75975774796672	0	5.28633324813559	0	3.11731244633569	0	3.26070293080634	4.32667883254239	0	5.44731038638997	5.21325426046562	0	2.57060619965251	0	4.92365612670410	0	0	0	3.07251138085572	0	3.76813283390465	0	3.98721569381733	0	0.647769339262793	0	-0.242947160847319	0	3.74127873747798	0	0	5.59220605118903	0	0	0	0	0	0	0	4.23610897347541	4.93378866647865	0	0	0	4.70349499802108	0	5.12593962536370	0	0	0	0	0	0	0	5.23563663433370	0	5.13917003100637	0	5.29186062118214	0	5.13689241689386	0	5.16883796594438	0	0	0	0	0	0	0	2.22530363423699	0	0	0	0	0	0	0	0	0	0	0	0	0	0	0	0	0	0
0	0	0	0	4.72098072999084	0	0	0	0	0	0	0	0	0	0	0	0	0	0	0	0	0	3.63242805064941	0	2.63577493072370	3.72154979073718	0	0	0	0	2.72756903534900	3.13617664012780	3.03107627460158	4.37821182498139	3.55495845595052	4.67884965284002	4.46930077501919	4.20731609039366	3.02181822764529	3.29683110157396	4.22904131409243	3.88177181450736	1.67828664424674	0	0	0	2.75161389962014	0	0.511615218561942	0	2.87956211659871	0	3.17343976982458	0	2.04458063131900	0	0	0	3.24955982604964	0	0	0	0	0	0	0	1.59950582451406	4.36791231082468	0	0	4.27888347763299	0	4.78101001622588	0	0	0	0	0	0	0	4.97958750607190	0	0	0	5.00616809164348	0	3.22505264001458	0	4.52159863358688	0	0	0	0	0	0	0	0	0	0	0	0	0	0	0	0	0	0	0	0	0	0	0	0	0	0	0
0	0	0	4.58081568457117	5.48318658829104	4.38619349109163	0	0	0	4.50905138051023	0	0	0	4.30307676421265	0	4.33758023814259	0	0	0	0	0	4.13405729623678	0	3.55819546980303	0	3.75720151288425	0	4.14760288670029	0	4.41222611819382	0	2.85001799040551	0	3.30489351285182	5.44162442015456	5.46011435066349	4.24588864793639	4.47266239168369	5.54948769472650	3.01591958495338	5.76270171159052	4.15056130752215	0	3.07251138085572	0	0	0	3.70726567496788	0	3.31716738179082	0	3.74048855302854	0	3.65096332070650	0	3.85419436867513	0	0	5.52957675421645	4.38290041166182	0	0	0	0	0	0	4.38044558192196	4.52560036751227	0	0	0	4.26257089718115	0	4.34842606258427	0	0	0	4.32458809059789	0	0	0	3.55681780449066	0	4.32012738546148	0	4.64582456371229	0	4.38460447688065	5.44315671382413	5.00491825185622	0	0	0	0	0	0	0	2.94987435955359	0	0	0	0	0	0	0	0	0	0	0	0	0	0	0	0	0	0
0	0	4.62828214216388	0	4.82205773344458	4.89782146350303	4.94664125607556	0	4.93751293094073	5.04179452709679	0	0	5.51252136219939	0	4.96785674071100	0	0	0	0	0	4.76630983194498	0	4.87308399021989	0	4.96771612414393	0	4.71890254070503	0	5.78991267115574	0	0	0	0	0	0	0	4.17903177169437	4.58529815153553	2.73137834486600	4.46041245001139	4.21554824063528	4.45156788771543	2.37475585727133	0	2.75161389962014	0	0	0	2.82682536906143	0	2.94559336987181	0	1.99624051668569	0	2.20944747104143	0	0	0	4.38354665500512	0	0	0	0	0	0	0	3.36788959047058	5.09059042314190	0	0	4.38453652943545	5.13698871199553	4.61240727986736	4.84038602792894	0	0	3.65967059856932	4.48862282969389	0	0	0	0	4.23319425899798	0	5.02576831877686	0	3.79935975047584	4.61954747270326	3.70299123027484	0	2.12278793906485	0	0	0	2.46587030347908	0	2.83121274144408	0	1.56747446696875	0	0	0	0	0	0	0	0	0	0	0	0	0	0	0	0	0
0	3.98345412027715	0	4.37633910943328	0	4.63940686121434	0	0	0	4.81384801330618	0	0	0	5.14406826230980	0	4.92649708081244	0	0	0	4.47981195560957	0	4.26459470952877	0	4.48297460045629	0	4.76307933632847	0	4.49941803087221	0	0	0	3.77613837072784	0	3.78925355318619	0	0	4.46915939866460	4.33966962406320	4.48427742495187	1.79296113838072	0	3.97805001418307	0	3.76813283390465	0	3.70726567496788	0	0	0	3.96865468658684	0	-0.925304526420295	0	-0.102997909430999	0	3.31483829335539	0	3.57888138132339	5.25960040814161	4.47503938233004	0	0	0	0	0	0	4.48770818345632	4.15714587042727	0	4.23019857583624	4.72726312775122	4.42954931655207	4.66971836778672	4.98533395629258	0	0	4.51466496896239	4.64552873082433	0	0	0	0	0	4.97999566280413	0	5.07902546082386	0	4.64712488005674	0	4.71372351684761	0	-0.401291185877264	0	0	0	3.64546118576561	0	1.14099857690764	0	3.36689244603282	0	0	0	0	0	3.99517484436579	0	0	0	0	0	0	0	0	0	0
0	0	5.25225133154839	0	5.42331298954142	5.10866264375953	0	0	5.50002141759993	0	0	0	5.53471427903966	0	5.28982488011933	0	0	0	0	0	5.77252019153414	5.04255175661306	5.30152701004930	0	5.22589646838066	0	5.57720397258722	5.11768685884461	5.43718382110634	0	0	0	0	5.06219845697438	3.87096061065532	5.16798077637797	5.79194880144771	4.52732727787889	4.68963801143785	4.29216597876688	5.54913659257675	5.17250166464193	2.29591869880366	0	0.511615218561942	0	2.82682536906143	0	0	0	4.36944060573345	0	3.80822708890225	0	4.33242064021664	3.77541323080250	0	0	3.90717020522634	5.40915830874110	2.06420066720942	0	0	0	0	0	2.51914382098312	5.19130859344156	0	0	5.19258084023146	0	5.55719597960664	0	0	0	4.35650355447055	0	0	0	5.23914822656193	0	4.91466033763760	0	5.44949494538670	0	5.27535513636662	0	5.54628390431373	0	0	0	0	0	0	0	0	0	0	0	0	0	0	0	5.59523356765390	0	0	0	0	0	4.74922010581861	0	0	0	0	0
