1.000 -0.405 -0.336 0.622 -0.625 0.698 -0.183 0.134 -0.405 0.512 0.263 0.496 -0.113 -0.083 0.462 0.056 0.203 0.109 0.045 0.529 0.056 -0.038 0.357 0.018 -0.002 -0.000 -0.327 -0.045 -0.053 0.173 0.442 0.204 -0.105 0.034 -0.005 -0.130 -0.482 0.385 -0.119 0.171 -0.532 0.068 0.172 0.700 -0.028 -0.288 -0.440 -0.300 0.205 0.278 -0.058 -0.034 -0.444 -0.469 -0.016 -0.121 -0.287 -0.167 -0.002 0.038 0.059 0.194 0.387 0.416 0.086 -0.075 -0.138 0.043 0.231 -0.055 0.162 0.092 -0.151
-0.405 1.000 0.330 -0.102 0.314 -0.285 0.609 -0.118 0.530 -0.313 -0.264 -0.204 0.431 0.551 -0.424 -0.240 -0.031 0.046 -0.275 -0.510 -0.367 -0.355 -0.634 0.340 0.133 -0.276 0.010 -0.238 -0.090 -0.627 -0.435 0.048 0.273 -0.363 0.147 0.012 0.688 -0.795 0.347 -0.586 0.768 -0.004 -0.070 -0.474 -0.185 0.283 0.498 0.482 0.149 0.226 0.224 0.333 0.493 0.507 -0.068 0.170 0.020 -0.321 -0.160 -0.482 -0.504 -0.596 -0.712 -0.762 -0.208 -0.211 -0.037 -0.504 -0.553 0.007 -0.513 -0.162 -0.093
-0.336 0.330 1.000 0.071 0.480 -0.519 0.502 0.418 0.138 -0.490 0.080 -0.341 0.459 0.216 -0.081 0.167 -0.187 -0.012 0.104 -0.424 -0.042 0.012 -0.364 0.297 0.158 0.080 0.326 0.098 0.162 -0.479 -0.336 -0.165 0.081 -0.024 0.058 -0.047 0.332 -0.417 0.429 -0.383 0.330 -0.076 0.080 -0.514 0.122 0.236 0.487 0.162 0.331 0.335 0.311 0.285 0.280 0.466 -0.085 -0.038 0.142 -0.205 -0.123 -0.174 -0.404 -0.353 -0.396 -0.404 -0.027 0.025 -0.167 -0.213 -0.382 -0.228 -0.416 -0.188 -0.208
0.622 -0.102 0.071 1.000 -0.504 0.174 0.307 0.480 -0.120 0.151 0.546 -0.099 0.238 0.196 0.513 0.230 0.187 -0.073 0.065 -0.078 -0.083 -0.046 0.013 0.139 0.111 -0.038 -0.229 0.011 0.049 -0.009 0.277 0.312 0.089 0.053 0.081 -0.041 -0.292 0.105 0.340 -0.043 -0.259 0.228 0.184 0.528 0.158 -0.018 -0.126 -0.144 0.489 0.763 0.254 0.075 -0.025 -0.189 -0.126 -0.138 -0.193 -0.155 -0.052 -0.117 -0.176 -0.116 0.101 0.115 -0.191 -0.274 -0.082 0.022 0.094 0.144 -0.291 0.107 -0.139
-0.625 0.314 0.480 -0.504 1.000 -0.480 0.075 -0.109 0.136 -0.577 -0.298 -0.158 0.089 -0.106 -0.418 -0.118 -0.374 -0.168 -0.003 -0.295 -0.049 0.264 -0.059 0.400 0.179 -0.076 0.334 0.210 -0.140 -0.252 -0.538 -0.235 0.016 -0.262 -0.161 -0.049 0.443 -0.333 -0.026 -0.044 0.311 -0.374 0.069 -0.759 0.179 0.121 0.251 0.265 -0.065 -0.304 -0.090 0.158 0.175 0.197 -0.055 -0.156 0.125 -0.027 -0.288 0.037 -0.143 -0.103 -0.240 -0.297 0.392 0.131 -0.052 -0.046 -0.112 -0.374 -0.171 -0.096 -0.136
0.698 -0.285 -0.519 0.174 -0.480 1.000 -0.370 -0.241 -0.244 0.651 -0.104 0.760 -0.422 -0.226 0.178 -0.233 0.243 0.127 -0.108 0.518 -0.065 -0.163 0.250 0.045 0.078 -0.234 -0.330 -0.297 -0.323 0.190 0.381 0.267 0.045 -0.205 0.002 -0.228 -0.375 0.257 -0.252 0.046 -0.364 0.114 0.003 0.538 -0.145 -0.092 -0.361 -0.391 -0.009 0.031 -0.153 -0.074 -0.336 -0.312 0.147 0.075 -0.361 -0.092 0.153 -0.041 0.045 0.188 0.232 0.282 0.041 -0.106 -0.031 -0.034 0.076 0.102 0.192 0.121 0.005
-0.183 0.609 0.502 0.307 0.075 -0.370 1.000 0.586 0.122 -0.197 0.262 -0.275 0.774 0.694 0.073 0.255 -0.196 0.066 0.179 -0.415 -0.000 -0.071 -0.531 0.206 -0.002 0.059 0.220 0.044 0.065 -0.704 -0.021 -0.130 -0.072 -0.014 0.013 0.149 0.171 -0.475 0.752 -0.355 0.208 0.271 -0.001 -0.248 -0.023 0.416 0.271 0.546 0.367 0.593 0.349 0.161 0.448 0.310 -0.050 0.131 0.022 -0.311 -0.163 -0.226 -0.365 -0.402 -0.462 -0.492 -0.301 -0.381 -0.194 -0.191 -0.494 0.077 -0.606 -0.204 -0.148
0.134 -0.118 0.418 0.480 -0.109 -0.241 0.586 1.000 -0.289 0.016 0.731 -0.167 0.511 0.240 0.586 0.673 -0.197 0.108 0.420 -0.065 0.394 0.111 -0.113 -0.078 -0.078 0.485 0.310 0.130 0.257 -0.254 0.394 -0.234 -0.304 0.418 -0.002 0.252 -0.372 0.146 0.706 -0.010 -0.336 0.366 0.105 0.175 0.107 0.165 0.001 0.272 0.214 0.521 0.098 0.108 0.179 0.022 -0.013 -0.032 0.226 -0.054 0.016 0.232 0.043 -0.083 0.004 0.131 -0.267 -0.354 -0.235 0.248 -0.218 0.084 -0.328 -0.095 -0.103
-0.405 0.530 0.138 -0.120 0.136 -0.244 0.122 -0.289 1.000 -0.311 -0.154 -0.318 0.142 0.263 -0.260 -0.173 0.132 -0.242 -0.477 -0.342 -0.449 -0.629 -0.470 0.188 -0.025 -0.352 -0.078 -0.405 -0.076 -0.183 -0.292 0.398 0.665 -0.411 0.518 -0.281 0.652 -0.684 0.086 -0.576 0.796 0.086 0.102 -0.273 0.012 0.144 0.618 0.141 0.064 0.151 0.199 0.163 0.342 0.622 -0.174 0.385 0.273 -0.185 -0.107 -0.588 -0.395 -0.567 -0.542 -0.667 -0.311 -0.313 0.355 -0.434 -0.299 0.297 -0.331 0.261 0.001
0.512 -0.313 -0.490 0.151 -0.577 0.651 -0.197 0.016 -0.311 1.000 0.267 0.462 -0.234 -0.020 0.427 0.105 0.344 0.191 -0.119 0.302 0.098 -0.073 0.127 -0.337 -0.184 0.066 -0.205 -0.400 -0.149 0.079 0.584 0.164 -0.073 0.150 0.116 0.013 -0.553 0.299 0.083 0.183 -0.433 0.410 -0.144 0.502 0.037 0.062 -0.361 -0.299 -0.034 0.050 -0.159 -0.112 -0.042 -0.162 0.228 0.317 -0.095 0.246 0.502 0.078 0.209 0.153 0.310 0.349 -0.131 -0.138 -0.200 0.061 -0.195 0.451 0.157 -0.209 0.340
0.263 -0.264 0.080 0.546 -0.298 -0.104 0.262 0.731 -0.154 0.267 1.000 -0.201 0.348 0.167 0.867 0.845 0.003 -0.016 0.191 -0.059 0.261 -0.033 -0.003 -0.087 -0.125 0.402 0.144 0.067 0.141 0.026 0.412 0.011 -0.045 0.398 0.172 0.176 -0.417 0.203 0.525 0.071 -0.357 0.354 0.186 0.350 0.228 -0.004 -0.063 0.063 0.133 0.406 -0.025 -0.030 0.294 0.043 -0.031 0.165 0.315 0.028 0.119 0.144 0.137 -0.067 0.124 0.263 -0.227 -0.407 -0.177 0.389 -0.047 0.286 -0.252 0.129 0.039
0.496 -0.204 -0.341 -0.099 -0.158 0.760 -0.275 -0.167 -0.318 0.462 -0.201 1.000 -0.238 -0.187 -0.003 -0.167 -0.016 0.239 -0.021 0.516 0.044 -0.048 0.177 0.192 0.106 -0.109 -0.041 -0.096 -0.218 0.089 0.181 -0.121 -0.137 -0.218 -0.163 -0.162 -0.373 0.207 -0.211 0.057 -0.330 -0.143 0.039 0.217 -0.068 -0.160 -0.441 -0.202 -0.016 -0.231 -0.225 -0.165 -0.268 -0.268 0.313 -0.066 -0.289 -0.234 0.015 0.066 0.163 0.262 0.145 0.240 0.201 0.009 -0.029 0.020 0.065 -0.220 0.169 0.062 -0.117
-0.113 0.431 0.459 0.238 0.089 -0.422 0.774 0.511 0.142 -0.234 0.348 -0.238 1.000 0.719 0.182 0.508 -0.415 0.030 0.011 -0.221 -0.144 -0.205 -0.328 0.246 -0.194 0.029 0.162 0.161 0.170 -0.479 -0.137 -0.146 -0.001 -0.075 0.172 0.020 0.122 -0.493 0.487 -0.378 0.170 0.028 0.294 -0.234 0.055 0.001 0.227 0.373 0.466 0.431 0.419 0.073 0.337 0.338 -0.058 0.233 0.337 -0.477 -0.377 -0.334 -0.435 -0.305 -0.420 -0.490 -0.107 -0.303 -0.022 -0.213 -0.295 -0.088 -0.405 0.007 -0.370
-0.083 0.551 0.216 0.196 -0.106 -0.226 0.694 0.240 0.263 -0.020 0.167 -0.187 0.719 1.000 0.142 0.141 0.002 -0.087 -0.224 -0.202 -0.361 -0.301 -0.388 0.066 -0.257 -0.246 0.053 -0.187 0.008 -0.538 -0.105 0.054 0.006 -0.240 0.227 -0.081 0.229 -0.548 0.507 -0.363 0.279 0.129 0.036 -0.058 0.016 0.197 0.224 0.310 0.305 0.480 0.265 0.073 0.347 0.290 -0.065 0.361 -0.017 -0.424 -0.145 -0.520 -0.484 -0.325 -0.401 -0.551 -0.313 -0.352 0.040 -0.358 -0.355 0.138 -0.388 -0.052 -0.108
0.462 -0.424 -0.081 0.513 -0.418 0.178 0.073 0.586 -0.260 0.427 0.867 -0.003 0.182 0.142 1.000 0.700 0.065 -0.152 0.120 0.221 0.134 -0.004 0.175 -0.124 -0.236 0.208 0.006 -0.006 -0.041 0.048 0.514 0.104 -0.120 0.266 0.180 -0.004 -0.444 0.324 0.297 0.144 -0.471 0.326 0.133 0.517 0.246 -0.087 -0.265 -0.117 0.036 0.369 -0.138 -0.139 0.030 -0.134 0.015 0.212 0.191 0.029 0.099 0.079 0.061 0.120 0.245 0.303 -0.125 -0.448 -0.161 0.326 0.087 0.188 -0.091 0.121 -0.016
0.056 -0.240 0.167 0.230 -0.118 -0.233 0.255 0.673 -0.173 0.105 0.845 -0.167 0.508 0.141 0.700 1.000 -0.266 0.051 0.273 -0.005 0.281 -0.087 -0.055 -0.084 -0.150 0.458 0.245 0.251 0.233 0.048 0.211 -0.236 -0.092 0.400 0.091 0.277 -0.361 0.125 0.418 -0.008 -0.277 0.143 0.195 0.118 0.059 -0.087 0.006 0.201 0.184 0.151 0.119 -0.139 0.391 0.201 -0.003 0.237 0.522 -0.046 -0.019 0.198 0.145 -0.073 -0.044 0.153 -0.135 -0.305 -0.206 0.418 -0.006 0.045 -0.163 0.120 -0.080
0.203 -0.031 -0.187 0.187 -0.374 0.243 -0.196 -0.197 0.132 0.344 0.003 -0.016 -0.415 0.002 0.065 -0.266 1.000 0.159 -0.069 0.077 -0.012 -0.226 -0.172 -0.236 0.098 -0.045 0.067 -0.391 0.059 0.222 0.305 0.267 0.161 0.163 0.120 0.036 -0.033 0.120 0.071 -0.021 0.083 0.352 -0.387 0.364 -0.151 0.107 -0.011 -0.264 -0.156 0.097 -0.107 0.024 0.027 -0.036 -0.020 -0.049 -0.169 0.317 0.651 0.038 0.199 -0.231 0.020 0.152 -0.424 -0.052 -0.105 0.091 -0.092 0.529 -0.009 -0.067 0.692
0.109 0.046 -0.012 -0.073 -0.168 0.127 0.066 0.108 -0.242 0.191 -0.016 0.239 0.030 -0.087 -0.152 0.051 0.159 1.000 0.323 0.217 0.399 -0.241 -0.283 -0.034 0.076 0.478 0.320 -0.027 0.477 0.032 0.241 -0.268 -0.139 0.397 0.091 0.129 -0.266 0.131 0.065 -0.177 -0.087 0.245 -0.259 0.083 -0.320 -0.141 0.079 -0.036 -0.149 -0.158 -0.026 0.044 -0.031 0.038 0.060 -0.079 0.060 0.060 0.463 0.271 0.296 -0.178 -0.045 0.255 -0.313 0.099 -0.122 0.161 -0.354 0.144 -0.138 0.074 0.400
0.045 -0.275 0.104 0.065 -0.003 -0.108 0.179 0.420 -0.477 -0.119 0.191 -0.021 0.011 -0.224 0.120 0.273 -0.069 0.323 1.000 0.121 0.789 0.358 0.012 -0.027 0.089 0.669 0.543 0.569 0.343 0.128 0.328 -0.426 -0.431 0.643 -0.352 0.417 -0.364 0.507 0.100 0.332 -0.420 0.267 -0.209 0.063 -0.265 0.162 -0.183 0.160 -0.063 -0.045 0.043 -0.168 -0.028 -0.190 -0.168 -0.276 0.011 0.252 0.072 0.742 0.509 0.083 0.205 0.458 -0.113 -0.001 -0.364 0.672 0.128 -0.122 -0.029 -0.034 0.190
0.529 -0.510 -0.424 -0.078 -0.295 0.518 -0.415 -0.065 -0.342 0.302 -0.059 0.516 -0.221 -0.202 0.221 -0.005 0.077 0.217 0.121 1.000 0.149 -0.100 0.290 -0.074 -0.030 0.086 -0.079 -0.107 -0.098 0.266 0.466 0.054 -0.250 -0.006 0.017 -0.229 -0.452 0.408 -0.367 0.130 -0.496 0.046 0.123 0.532 -0.083 -0.291 -0.308 -0.225 -0.385 -0.258 -0.422 -0.052 -0.539 -0.382 0.175 -0.031 -0.079 0.011 0.147 0.168 0.183 0.257 0.278 0.365 0.012 -0.158 -0.025 0.106 0.284 -0.103 0.273 0.300 0.067
0.056 -0.367 -0.042 -0.083 -0.049 -0.065 -0.000 0.394 -0.449 0.098 0.261 0.044 -0.144 -0.361 0.134 0.281 -0.012 0.399 0.789 0.149 1.000 0.376 0.140 -0.219 -0.077 0.887 0.486 0.378 0.388 0.176 0.503 -0.420 -0.354 0.799 -0.170 0.493 -0.438 0.591 0.068 0.499 -0.445 0.375 -0.290 0.063 -0.206 -0.002 -0.282 0.121 -0.260 -0.271 -0.215 -0.195 -0.083 -0.156 -0.053 -0.175 0.164 0.344 0.262 0.762 0.727 0.191 0.381 0.633 -0.024 0.145 -0.345 0.629 -0.010 0.045 0.092 -0.158 0.297
-0.038 -0.355 0.012 -0.046 0.264 -0.163 -0.071 0.111 -0.629 -0.073 -0.033 -0.048 -0.205 -0.301 -0.004 -0.087 -0.226 -0.241 0.358 -0.100 0.376 1.000 0.568 -0.102 -0.042 0.162 0.094 0.565 -0.023 0.113 0.030 -0.318 -0.521 0.235 -0.612 0.208 -0.233 0.502 -0.165 0.782 -0.484 -0.166 -0.091 -0.166 0.282 -0.026 -0.547 -0.053 -0.086 -0.223 -0.273 -0.146 -0.328 -0.592 -0.017 -0.500 -0.267 0.291 -0.171 0.521 0.318 0.625 0.578 0.447 0.591 0.476 -0.216 0.342 0.373 -0.327 0.348 -0.357 -0.104
0.357 -0.634 -0.364 0.013 -0.059 0.250 -0.531 -0.113 -0.470 0.127 -0.003 0.177 -0.328 -0.388 0.175 -0.055 -0.172 -0.283 0.012 0.290 0.140 0.568 1.000 -0.185 -0.324 0.025 -0.176 0.325 -0.073 0.494 0.138 -0.121 -0.301 0.125 -0.256 0.031 -0.321 0.611 -0.517 0.735 -0.595 -0.259 0.163 0.217 0.089 -0.496 -0.580 -0.439 -0.041 -0.284 -0.224 -0.266 -0.628 -0.695 -0.094 -0.282 -0.084 0.070 -0.283 0.323 0.279 0.728 0.832 0.620 0.705 0.456 0.128 0.252 0.568 -0.218 0.666 -0.033 -0.271
0.018 0.340 0.297 0.139 0.400 0.045 0.206 -0.078 0.188 -0.337 -0.087 0.192 0.246 0.066 -0.124 -0.084 -0.236 -0.034 -0.027 -0.074 -0.219 -0.102 -0.185 1.000 0.444 -0.241 0.150 0.204 -0.361 -0.309 -0.310 0.130 0.375 -0.463 0.066 -0.374 0.170 -0.432 -0.040 -0.291 0.161 -0.217 0.271 -0.299 0.118 -0.067 0.118 0.022 0.230 0.127 0.049 0.062 0.180 0.225 0.040 -0.097 -0.150 -0.455 -0.347 -0.349 -0.388 -0.198 -0.358 -0.306 0.233 -0.207 -0.091 -0.084 -0.076 -0.348 -0.540 0.258 -0.318
-0.002 0.133 0.158 0.111 0.179 0.078 -0.002 -0.078 -0.025 -0.184 -0.125 0.106 -0.194 -0.257 -0.236 -0.150 0.098 0.076 0.089 -0.030 -0.077 -0.042 -0.324 0.444 1.000 -0.154 0.028 0.009 -0.223 -0.018 -0.155 0.292 0.244 -0.297 -0.267 -0.127 0.005 -0.216 0.043 -0.245 0.052 -0.126 0.164 -0.124 -0.034 0.249 0.131 0.166 0.056 0.040 -0.045 0.390 0.219 0.075 0.035 -0.351 -0.376 0.081 0.096 -0.034 -0.007 -0.329 -0.355 -0.124 -0.172 -0.112 -0.180 0.058 0.032 -0.130 -0.327 0.141 0.114
-0.000 -0.276 0.080 -0.038 -0.076 -0.234 0.059 0.485 -0.352 0.066 0.402 -0.109 0.029 -0.246 0.208 0.458 -0.045 0.478 0.669 0.086 0.887 0.162 0.025 -0.241 -0.154 1.000 0.462 0.264 0.522 0.105 0.389 -0.457 -0.309 0.885 0.052 0.521 -0.360 0.486 0.169 0.335 -0.320 0.333 -0.227 0.063 -0.204 -0.116 -0.094 0.150 -0.200 -0.207 -0.088 -0.088 0.051 0.035 -0.067 -0.029 0.395 0.315 0.302 0.675 0.572 0.046 0.290 0.569 -0.125 0.108 -0.387 0.517 -0.166 0.068 -0.022 -0.205 0.284
-0.327 0.010 0.326 -0.229 0.334 -0.330 0.220 0.310 -0.078 -0.205 0.144 -0.041 0.162 0.053 0.006 0.245 0.067 0.320 0.543 -0.079 0.486 0.094 -0.176 0.150 0.028 0.462 1.000 0.382 0.276 -0.067 0.135 -0.384 -0.145 0.426 -0.178 0.329 -0.098 0.048 0.182 0.083 -0.075 0.228 -0.207 -0.388 -0.274 0.067 0.006 0.239 -0.038 -0.202 0.010 -0.180 0.226 0.118 0.005 -0.191 0.200 -0.004 0.074 0.310 0.348 -0.114 -0.136 0.133 -0.089 -0.039 -0.194 0.594 -0.176 0.038 -0.193 -0.023 0.253
-0.045 -0.238 0.098 0.011 0.210 -0.297 0.044 0.130 -0.405 -0.400 0.067 -0.096 0.161 -0.187 -0.006 0.251 -0.391 -0.027 0.569 -0.107 0.378 0.565 0.325 0.204 0.009 0.264 0.382 1.000 0.199 0.214 -0.147 -0.448 -0.327 0.312 -0.563 0.249 -0.141 0.305 -0.249 0.466 -0.292 -0.290 0.028 -0.258 -0.103 -0.272 -0.354 0.121 0.170 -0.243 0.109 -0.361 -0.107 -0.315 -0.146 -0.477 -0.049 -0.100 -0.464 0.391 0.283 0.345 0.205 0.301 0.462 0.386 -0.163 0.586 0.488 -0.518 0.162 0.023 -0.277
-0.053 -0.090 0.162 0.049 -0.140 -0.323 0.065 0.257 -0.076 -0.149 0.141 -0.218 0.170 0.008 -0.041 0.233 0.059 0.477 0.343 -0.098 0.388 -0.023 -0.073 -0.361 -0.223 0.522 0.276 0.199 1.000 0.262 0.024 -0.378 -0.267 0.553 0.024 0.254 -0.001 0.195 0.043 0.080 0.072 0.085 -0.140 0.006 -0.140 -0.269 0.007 0.026 0.142 -0.108 0.246 0.051 -0.094 -0.008 -0.384 -0.123 0.393 0.196 0.053 0.343 0.283 -0.102 0.113 0.203 -0.237 0.263 -0.008 0.157 -0.041 -0.012 0.158 -0.042 0.150
0.173 -0.627 -0.479 -0.009 -0.252 0.190 -0.704 -0.254 -0.183 0.079 0.026 0.089 -0.479 -0.538 0.048 0.048 0.222 0.032 0.128 0.266 0.176 0.113 0.494 -0.309 -0.018 0.105 -0.067 0.214 0.262 1.000 0.169 -0.022 -0.036 0.256 -0.163 0.091 -0.373 0.611 -0.484 0.426 -0.333 -0.091 -0.001 0.379 -0.034 -0.401 -0.361 -0.504 -0.130 -0.408 -0.123 -0.283 -0.319 -0.408 -0.112 -0.286 0.082 0.312 0.128 0.461 0.555 0.328 0.497 0.594 0.094 0.314 0.247 0.462 0.678 0.085 0.529 0.359 0.229
0.442 -0.435 -0.336 0.277 -0.538 0.381 -0.021 0.394 -0.292 0.584 0.412 0.181 -0.137 -0.105 0.514 0.211 0.305 0.241 0.328 0.466 0.503 0.030 0.138 -0.310 -0.155 0.389 0.135 -0.147 0.024 0.169 1.000 0.169 -0.126 0.401 0.077 0.077 -0.628 0.474 0.159 0.248 -0.541 0.800 -0.121 0.582 -0.066 0.054 -0.328 -0.161 -0.246 0.142 -0.332 -0.071 -0.244 -0.279 0.025 0.037 -0.015 0.263 0.402 0.301 0.382 0.090 0.350 0.471 -0.299 -0.334 -0.148 0.323 -0.039 0.493 0.030 0.062 0.342
0.204 0.048 -0.165 0.312 -0.235 0.267 -0.130 -0.234 0.398 0.164 0.011 -0.121 -0.146 0.054 0.104 -0.236 0.267 -0.268 -0.426 0.054 -0.420 -0.318 -0.121 0.130 0.292 -0.457 -0.384 -0.448 -0.378 -0.022 0.169 1.000 0.628 -0.442 0.410 -0.489 0.121 -0.312 -0.112 -0.263 0.145 0.270 0.269 0.220 0.219 0.110 0.189 -0.210 -0.007 0.368 -0.102 0.314 -0.102 0.096 -0.090 0.185 -0.226 0.109 0.057 -0.509 -0.362 -0.237 -0.120 -0.262 -0.256 -0.359 0.225 -0.339 -0.010 0.388 -0.139 0.298 0.086
-0.105 0.273 0.081 0.089 0.016 0.045 -0.072 -0.304 0.665 -0.073 -0.045 -0.137 -0.001 0.006 -0.120 -0.092 0.161 -0.139 -0.431 -0.250 -0.354 -0.521 -0.301 0.375 0.244 -0.309 -0.145 -0.327 -0.267 -0.036 -0.126 0.628 1.000 -0.375 0.573 -0.280 0.277 -0.487 -0.086 -0.421 0.455 0.103 0.093 -0.140 -0.010 -0.050 0.401 -0.169 0.199 0.144 0.158 0.027 0.293 0.572 -0.056 0.366 0.078 -0.159 -0.004 -0.534 -0.296 -0.353 -0.382 -0.368 -0.128 -0.196 0.153 -0.258 -0.121 0.238 -0.292 0.248 -0.018
0.034 -0.363 -0.024 0.053 -0.262 -0.205 -0.014 0.418 -0.411 0.150 0.398 -0.218 -0.075 -0.240 0.266 0.400 0.163 0.397 0.643 -0.006 0.799 0.235 0.125 -0.463 -0.297 0.885 0.426 0.312 0.553 0.256 0.401 -0.442 -0.375 1.000 -0.042 0.629 -0.376 0.620 0.112 0.442 -0.357 0.340 -0.354 0.174 -0.266 -0.140 -0.207 0.007 -0.171 -0.146 0.011 -0.229 -0.009 -0.111 -0.035 -0.086 0.348 0.396 0.365 0.693 0.619 0.177 0.385 0.643 -0.138 0.229 -0.307 0.611 -0.026 0.188 0.179 -0.274 0.367
-0.005 0.147 0.058 0.081 -0.161 0.002 0.013 -0.002 0.518 0.116 0.172 -0.163 0.172 0.227 0.180 0.091 0.120 0.091 -0.352 0.017 -0.170 -0.612 -0.256 0.066 -0.267 0.052 -0.178 -0.563 0.024 -0.163 0.077 0.410 0.573 -0.042 1.000 -0.314 0.191 -0.296 0.052 -0.391 0.309 0.274 0.027 0.125 0.119 -0.153 0.404 -0.221 -0.031 0.251 0.104 0.032 0.098 0.548 -0.049 0.665 0.419 -0.064 0.210 -0.406 -0.290 -0.289 -0.148 -0.220 -0.318 -0.333 0.215 -0.383 -0.401 0.362 -0.284 0.177 0.108
-0.130 0.012 -0.047 -0.041 -0.049 -0.228 0.149 0.252 -0.281 0.013 0.176 -0.162 0.020 -0.081 -0.004 0.277 0.036 0.129 0.417 -0.229 0.493 0.208 0.031 -0.374 -0.127 0.521 0.329 0.249 0.254 0.091 0.077 -0.489 -0.280 0.629 -0.314 1.000 -0.181 0.314 0.206 0.296 -0.140 0.071 -0.333 -0.073 -0.512 0.091 -0.142 0.382 0.025 -0.189 0.120 -0.216 0.334 -0.046 0.127 -0.119 0.254 0.169 0.114 0.530 0.548 0.062 0.054 0.293 -0.020 0.139 -0.303 0.483 0.054 0.006 0.166 -0.402 0.146
-0.482 0.688 0.332 -0.292 0.443 -0.375 0.171 -0.372 0.652 -0.553 -0.417 -0.373 0.122 0.229 -0.444 -0.361 -0.033 -0.266 -0.364 -0.452 -0.438 -0.233 -0.321 0.170 0.005 -0.360 -0.098 -0.141 -0.001 -0.373 -0.628 0.121 0.277 -0.376 0.191 -0.181 1.000 -0.668 -0.095 -0.399 0.858 -0.247 0.020 -0.563 -0.063 0.055 0.495 0.316 0.054 0.020 0.220 0.303 0.146 0.387 -0.340 0.118 0.165 -0.167 -0.349 -0.456 -0.483 -0.434 -0.484 -0.695 0.021 0.024 0.131 -0.529 -0.276 -0.131 -0.146 -0.132 -0.201
0.385 -0.795 -0.417 0.105 -0.333 0.257 -0.475 0.146 -0.684 0.299 0.203 0.207 -0.493 -0.548 0.324 0.125 0.120 0.131 0.507 0.408 0.591 0.502 0.611 -0.432 -0.216 0.486 0.048 0.305 0.195 0.611 0.474 -0.312 -0.487 0.620 -0.296 0.314 -0.668 1.000 -0.278 0.727 -0.749 0.075 -0.211 0.517 0.014 -0.265 -0.616 -0.396 -0.312 -0.289 -0.319 -0.367 -0.490 -0.649 0.091 -0.331 -0.090 0.403 0.256 0.785 0.671 0.639 0.794 0.921 0.207 0.310 -0.119 0.620 0.521 -0.037 0.493 -0.020 0.207
-0.119 0.347 0.429 0.340 -0.026 -0.252 0.752 0.706 0.086 0.083 0.525 -0.211 0.487 0.507 0.297 0.418 0.071 0.065 0.100 -0.367 0.068 -0.165 -0.517 -0.040 0.043 0.169 0.182 -0.249 0.043 -0.484 0.159 -0.112 -0.086 0.112 0.052 0.206 -0.095 -0.278 1.000 -0.342 0.057 0.388 -0.028 0.021 0.080 0.593 0.341 0.423 0.233 0.614 0.177 0.229 0.605 0.354 0.058 0.209 0.056 -0.096 0.233 -0.061 -0.149 -0.435 -0.336 -0.251 -0.516 -0.482 -0.187 -0.055 -0.533 0.358 -0.565 -0.160 0.138
0.171 -0.586 -0.383 -0.043 -0.044 0.046 -0.355 -0.010 -0.576 0.183 0.071 0.057 -0.378 -0.363 0.144 -0.008 -0.021 -0.177 0.332 0.130 0.499 0.782 0.735 -0.291 -0.245 0.335 0.083 0.466 0.080 0.426 0.248 -0.263 -0.421 0.442 -0.391 0.296 -0.399 0.727 -0.342 1.000 -0.629 -0.046 -0.179 0.109 0.112 -0.290 -0.715 -0.184 -0.126 -0.396 -0.284 -0.342 -0.394 -0.658 -0.104 -0.310 -0.136 0.389 -0.042 0.624 0.581 0.695 0.796 0.742 0.528 0.456 -0.193 0.525 0.503 -0.117 0.511 -0.310 0.090
-0.532 0.768 0.330 -0.259 0.311 -0.364 0.208 -0.336 0.796 -0.433 -0.357 -0.330 0.170 0.279 -0.471 -0.277 0.083 -0.087 -0.420 -0.496 -0.445 -0.484 -0.595 0.161 0.052 -0.320 -0.075 -0.292 0.072 -0.333 -0.541 0.145 0.455 -0.357 0.309 -0.140 0.858 -0.749 0.057 -0.629 1.000 -0.102 -0.085 -0.468 -0.093 0.125 0.627 0.253 0.056 0.038 0.230 0.282 0.369 0.627 -0.193 0.205 0.219 -0.154 -0.109 -0.514 -0.464 -0.597 -0.697 -0.766 -0.235 -0.047 0.131 -0.546 -0.402 0.005 -0.308 -0.031 -0.047
0.068 -0.004 -0.076 0.228 -0.374 0.114 0.271 0.366 0.086 0.410 0.354 -0.143 0.028 0.129 0.326 0.143 0.352 0.245 0.267 0.046 0.375 -0.166 -0.259 -0.217 -0.126 0.333 0.228 -0.290 0.085 -0.091 0.800 0.270 0.103 0.340 0.274 0.071 -0.247 0.075 0.388 -0.046 -0.102 1.000 -0.257 0.300 -0.122 0.324 0.092 -0.001 -0.134 0.323 -0.102 0.063 0.112 0.144 -0.168 0.239 0.084 0.274 0.420 0.091 0.137 -0.304 0.008 0.104 -0.549 -0.474 -0.153 0.127 -0.405 0.698 -0.307 0.003 0.447
0.172 -0.070 0.080 0.184 0.069 0.003 -0.001 0.105 0.102 -0.144 0.186 0.039 0.294 0.036 0.133 0.195 -0.387 -0.259 -0.209 0.123 -0.290 -0.091 0.163 0.271 0.164 -0.227 -0.207 0.028 -0.140 -0.001 -0.121 0.269 0.093 -0.354 0.027 -0.333 0.020 -0.211 -0.028 -0.179 -0.085 -0.257 1.000 0.044 0.321 -0.095 0.105 -0.013 0.181 0.220 0.061 0.431 -0.137 -0.098 0.002 -0.034 0.128 -0.314 -0.433 -0.268 -0.324 -0.026 -0.025 -0.193 0.130 -0.165 0.275 -0.182 0.137 -0.053 0.078 0.325 -0.476
0.700 -0.474 -0.514 0.528 -0.759 0.538 -0.248 0.175 -0.273 0.502 0.350 0.217 -0.234 -0.058 0.517 0.118 0.364 0.083 0.063 0.532 0.063 -0.166 0.217 -0.299 -0.124 0.063 -0.388 -0.258 0.006 0.379 0.582 0.220 -0.140 0.174 0.125 -0.073 -0.563 0.517 0.021 0.109 -0.468 0.300 0.044 1.000 0.015 -0.112 -0.254 -0.389 -0.147 0.297 -0.179 -0.034 -0.299 -0.361 0.062 0.032 -0.182 0.086 0.312 0.152 0.128 0.196 0.372 0.452 -0.322 -0.250 0.008 0.122 0.270 0.284 0.170 0.272 0.148
-0.028 -0.185 0.122 0.158 0.179 -0.145 -0.023 0.107 0.012 0.037 0.228 -0.068 0.055 0.016 0.246 0.059 -0.151 -0.320 -0.265 -0.083 -0.206 0.282 0.089 0.118 -0.034 -0.204 -0.274 -0.103 -0.140 -0.034 -0.066 0.219 -0.010 -0.266 0.119 -0.512 -0.063 0.014 0.080 0.112 -0.093 -0.122 0.321 0.015 1.000 0.029 -0.141 -0.284 -0.076 0.157 -0.269 0.145 -0.162 -0.138 0.106 -0.026 -0.053 0.167 0.030 -0.099 -0.219 0.210 0.228 -0.048 0.162 -0.023 0.184 -0.223 0.062 0.030 -0.110 0.108 -0.044
-0.288 0.283 0.236 -0.018 0.121 -0.092 0.416 0.165 0.144 0.062 -0.004 -0.160 0.001 0.197 -0.087 -0.087 0.107 -0.141 0.162 -0.291 -0.002 -0.026 -0.496 -0.067 0.249 -0.116 0.067 -0.272 -0.269 -0.401 0.054 0.110 -0.050 -0.140 -0.153 0.091 0.055 -0.265 0.593 -0.290 0.125 0.324 -0.095 -0.112 0.029 1.000 0.423 0.361 -0.017 0.364 0.064 0.216 0.475 0.286 0.075 0.159 -0.261 0.184 0.248 -0.026 -0.064 -0.397 -0.327 -0.347 -0.472 -0.420 -0.091 -0.090 -0.347 0.325 -0.333 -0.092 0.254
-0.440 0.498 0.487 -0.126 0.251 -0.361 0.271 0.001 0.618 -0.361 -0.063 -0.441 0.227 0.224 -0.265 0.006 -0.011 0.079 -0.183 -0.308 -0.282 -0.547 -0.580 0.118 0.131 -0.094 0.006 -0.354 0.007 -0.361 -0.328 0.189 0.401 -0.207 0.404 -0.142 0.495 -0.616 0.341 -0.715 0.627 0.092 0.105 -0.254 -0.141 0.423 1.000 0.218 0.034 0.298 0.253 0.399 0.454 0.724 -0.152 0.364 0.176 -0.131 0.066 -0.377 -0.444 -0.668 -0.575 -0.565 -0.446 -0.271 0.082 -0.383 -0.484 0.212 -0.387 0.199 0.021
-0.300 0.482 0.162 -0.144 0.265 -0.391 0.546 0.272 0.141 -0.299 0.063 -0.202 0.373 0.310 -0.117 0.201 -0.264 -0.036 0.160 -0.225 0.121 -0.053 -0.439 0.022 0.166 0.150 0.239 0.121 0.026 -0.504 -0.161 -0.210 -0.169 0.007 -0.221 0.382 0.316 -0.396 0.423 -0.184 0.253 -0.001 -0.013 -0.389 -0.284 0.361 0.218 1.000 0.064 0.052 0.125 0.179 0.467 0.237 -0.061 0.043 0.150 -0.148 -0.263 -0.034 0.013 -0.390 -0.506 -0.395 -0.213 -0.340 -0.195 0.017 -0.262 -0.146 -0.304 -0.216 -0.124
0.205 0.149 0.331 0.489 -0.065 -0.009 0.367 0.214 0.064 -0.034 0.133 -0.016 0.466 0.305 0.036 0.184 -0.156 -0.149 -0.063 -0.385 -0.260 -0.086 -0.041 0.230 0.056 -0.200 -0.038 0.170 0.142 -0.130 -0.246 -0.007 0.199 -0.171 -0.031 0.025 0.054 -0.312 0.233 -0.126 0.056 -0.134 0.181 -0.147 -0.076 -0.017 0.034 0.064 1.000 0.468 0.791 -0.047 0.241 0.152 -0.317 0.078 0.022 -0.358 -0.420 -0.270 -0.299 -0.227 -0.169 -0.246 0.097 0.013 -0.100 -0.151 -0.069 -0.110 -0.173 -0.204 -0.381
0.278 0.226 0.335 0.763 -0.304 0.031 0.593 0.521 0.151 0.050 0.406 -0.231 0.431 0.480 0.369 0.151 0.097 -0.158 -0.045 -0.258 -0.271 -0.223 -0.284 0.127 0.040 -0.207 -0.202 -0.243 -0.108 -0.408 0.142 0.368 0.144 -0.146 0.251 -0.189 0.020 -0.289 0.614 -0.396 0.038 0.323 0.220 0.297 0.157 0.364 0.298 0.052 0.468 1.000 0.415 0.264 0.174 0.163 -0.103 0.200 -0.141 -0.250 -0.062 -0.375 -0.509 -0.338 -0.207 -0.325 -0.416 -0.480 0.044 -0.293 -0.292 0.303 -0.427 0.029 -0.180
-0.058 0.224 0.311 0.254 -0.090 -0.153 0.349 0.098 0.199 -0.159 -0.025 -0.225 0.419 0.265 -0.138 0.119 -0.107 -0.026 0.043 -0.422 -0.215 -0.273 -0.224 0.049 -0.045 -0.088 0.010 0.109 0.246 -0.123 -0.332 -0.102 0.158 0.011 0.104 0.120 0.220 -0.319 0.177 -0.284 0.230 -0.102 0.061 -0.179 -0.269 0.064 0.253 0.125 0.791 0.415 1.000 -0.101 0.289 0.336 -0.226 0.251 0.213 -0.268 -0.278 -0.232 -0.292 -0.296 -0.299 -0.338 -0.143 0.031 0.044 -0.150 -0.183 0.029 -0.129 -0.199 -0.209
-0.034 0.333 0.285 0.075 0.158 -0.074 0.161 0.108 0.163 -0.112 -0.030 -0.165 0.073 0.073 -0.139 -0.139 0.024 0.044 -0.168 -0.052 -0.195 -0.146 -0.266 0.062 0.390 -0.088 -0.180 -0.361 0.051 -0.283 -0.071 0.314 0.027 -0.229 0.032 -0.216 0.303 -0.367 0.229 -0.342 0.282 0.063 0.431 -0.034 0.145 0.216 0.399 0.179 -0.047 0.264 -0.101 1.000 0.005 0.067 -0.230 -0.101 -0.034 0.141 0.037 -0.145 -0.391 -0.451 -0.267 -0.319 -0.267 -0.155 -0.136 -0.408 -0.347 0.106 -0.166 -0.095 -0.008
-0.444 0.493 0.280 -0.025 0.175 -0.336 0.448 0.179 0.342 -0.042 0.294 -0.268 0.337 0.347 0.030 0.391 0.027 -0.031 -0.028 -0.539 -0.083 -0.328 -0.628 0.180 0.219 0.051 0.226 -0.107 -0.094 -0.319 -0.244 -0.102 0.293 -0.009 0.098 0.334 0.146 -0.490 0.605 -0.394 0.369 0.112 -0.137 -0.299 -0.162 0.475 0.454 0.467 0.241 0.174 0.289 0.005 1.000 0.707 0.106 0.380 0.227 -0.086 0.152 -0.170 -0.066 -0.531 -0.622 -0.410 -0.382 -0.367 -0.217 0.089 -0.392 0.203 -0.535 -0.090 0.169
-0.469 0.507 0.466 -0.189 0.197 -0.312 0.310 0.022 0.622 -0.162 0.043 -0.268 0.338 0.290 -0.134 0.201 -0.036 0.038 -0.190 -0.382 -0.156 -0.592 -0.695 0.225 0.075 0.035 0.118 -0.315 -0.008 -0.408 -0.279 0.096 0.572 -0.111 0.548 -0.046 0.387 -0.649 0.354 -0.658 0.627 0.144 -0.098 -0.361 -0.138 0.286 0.724 0.237 0.152 0.163 0.336 0.067 0.707 1.000 0.055 0.618 0.371 -0.201 0.106 -0.435 -0.353 -0.597 -0.686 -0.582 -0.400 -0.299 -0.045 -0.290 -0.562 0.150 -0.498 0.029 0.033
-0.016 -0.068 -0.085 -0.126 -0.055 0.147 -0.050 -0.013 -0.174 0.228 -0.031 0.313 -0.058 -0.065 0.015 -0.003 -0.020 0.060 -0.168 0.175 -0.053 -0.017 -0.094 0.040 0.035 -0.067 0.005 -0.146 -0.384 -0.112 0.025 -0.090 -0.056 -0.035 -0.049 0.127 -0.340 0.091 0.058 -0.104 -0.193 -0.168 0.002 0.062 0.106 0.075 -0.152 -0.061 -0.317 -0.103 -0.226 -0.230 0.106 0.055 1.000 0.065 -0.090 -0.155 0.286 -0.082 0.063 0.320 -0.097 0.009 0.008 -0.032 0.139 0.064 0.023 -0.002 0.064 0.028 0.022
-0.121 0.170 -0.038 -0.138 -0.156 0.075 0.131 -0.032 0.385 0.317 0.165 -0.066 0.233 0.361 0.212 0.237 -0.049 -0.079 -0.276 -0.031 -0.175 -0.500 -0.282 -0.097 -0.351 -0.029 -0.191 -0.477 -0.123 -0.286 0.037 0.185 0.366 -0.086 0.665 -0.119 0.118 -0.331 0.209 -0.310 0.205 0.239 -0.034 0.032 -0.026 0.159 0.364 0.043 0.078 0.200 0.251 -0.101 0.380 0.618 0.065 1.000 0.346 -0.100 0.107 -0.374 -0.267 -0.187 -0.217 -0.316 -0.299 -0.376 0.063 -0.297 -0.378 0.319 -0.122 -0.032 0.017
-0.287 0.020 0.142 -0.193 0.125 -0.361 0.022 0.226 0.273 -0.095 0.315 -0.289 0.337 -0.017 0.191 0.522 -0.169 0.060 0.011 -0.079 0.164 -0.267 -0.084 -0.150 -0.376 0.395 0.200 -0.049 0.393 0.082 -0.015 -0.226 0.078 0.348 0.419 0.254 0.165 -0.090 0.056 -0.136 0.219 0.084 0.128 -0.182 -0.053 -0.261 0.176 0.150 0.022 -0.141 0.213 -0.034 0.227 0.371 -0.090 0.346 1.000 0.064 -0.034 0.090 0.080 -0.197 -0.151 -0.099 -0.068 -0.151 0.040 0.067 -0.218 0.124 0.013 -0.040 -0.008
-0.167 -0.321 -0.205 -0.155 -0.027 -0.092 -0.311 -0.054 -0.185 0.246 0.028 -0.234 -0.477 -0.424 0.029 -0.046 0.317 0.060 0.252 0.011 0.344 0.291 0.070 -0.455 0.081 0.315 -0.004 -0.100 0.196 0.312 0.263 0.109 -0.159 0.396 -0.064 0.169 -0.167 0.403 -0.096 0.389 -0.154 0.274 -0.314 0.086 0.167 0.184 -0.131 -0.148 -0.358 -0.250 -0.268 0.141 -0.086 -0.201 -0.155 -0.100 0.064 1.000 0.529 0.543 0.429 0.072 0.338 0.363 -0.170 0.098 -0.200 0.244 0.054 0.302 0.201 -0.244 0.656
-0.002 -0.160 -0.123 -0.052 -0.288 0.153 -0.163 0.016 -0.107 0.502 0.119 0.015 -0.377 -0.145 0.099 -0.019 0.651 0.463 0.072 0.147 0.262 -0.171 -0.283 -0.347 0.096 0.302 0.074 -0.464 0.053 0.128 0.402 0.057 -0.004 0.365 0.210 0.114 -0.349 0.256 0.233 -0.042 -0.109 0.420 -0.433 0.312 0.030 0.248 0.066 -0.263 -0.420 -0.062 -0.278 0.037 0.152 0.106 0.286 0.107 -0.034 0.529 1.000 0.270 0.352 -0.131 0.065 0.290 -0.490 -0.038 -0.177 0.143 -0.326 0.566 -0.129 -0.110 0.850
0.038 -0.482 -0.174 -0.117 0.037 -0.041 -0.226 0.232 -0.588 0.078 0.144 0.066 -0.334 -0.520 0.079 0.198 0.038 0.271 0.742 0.168 0.762 0.521 0.323 -0.349 -0.034 0.675 0.310 0.391 0.343 0.461 0.301 -0.509 -0.534 0.693 -0.406 0.530 -0.456 0.785 -0.061 0.624 -0.514 0.091 -0.268 0.152 -0.099 -0.026 -0.377 -0.034 -0.270 -0.375 -0.232 -0.145 -0.170 -0.435 -0.082 -0.374 0.090 0.543 0.270 1.000 0.743 0.326 0.533 0.745 0.105 0.261 -0.333 0.674 0.286 -0.065 0.300 -0.181 0.348
0.059 -0.504 -0.404 -0.176 -0.143 0.045 -0.365 0.043 -0.395 0.209 0.137 0.163 -0.435 -0.484 0.061 0.145 0.199 0.296 0.509 0.183 0.727 0.318 0.279 -0.388 -0.007 0.572 0.348 0.283 0.283 0.555 0.382 -0.362 -0.296 0.619 -0.290 0.548 -0.483 0.671 -0.149 0.581 -0.464 0.137 -0.324 0.128 -0.219 -0.064 -0.444 0.013 -0.299 -0.509 -0.292 -0.391 -0.066 -0.353 0.063 -0.267 0.080 0.429 0.352 0.743 1.000 0.291 0.451 0.700 0.006 0.211 -0.048 0.721 0.330 0.111 0.366 -0.009 0.437
0.194 -0.596 -0.353 -0.116 -0.103 0.188 -0.402 -0.083 -0.567 0.153 -0.067 0.262 -0.305 -0.325 0.120 -0.073 -0.231 -0.178 0.083 0.257 0.191 0.625 0.728 -0.198 -0.329 0.046 -0.114 0.345 -0.102 0.328 0.090 -0.237 -0.353 0.177 -0.289 0.062 -0.434 0.639 -0.435 0.695 -0.597 -0.304 -0.026 0.196 0.210 -0.397 -0.668 -0.390 -0.227 -0.338 -0.296 -0.451 -0.531 -0.597 0.320 -0.187 -0.197 0.072 -0.131 0.326 0.291 1.000 0.703 0.566 0.576 0.472 0.120 0.281 0.563 -0.293 0.629 -0.101 -0.219
0.387 -0.712 -0.396 0.101 -0.240 0.232 -0.462 0.004 -0.542 0.310 0.124 0.145 -0.420 -0.401 0.245 -0.044 0.020 -0.045 0.205 0.278 0.381 0.578 0.832 -0.358 -0.355 0.290 -0.136 0.205 0.113 0.497 0.350 -0.120 -0.382 0.385 -0.148 0.054 -0.484 0.794 -0.336 0.796 -0.697 0.008 -0.025 0.372 0.228 -0.327 -0.575 -0.506 -0.169 -0.207 -0.299 -0.267 -0.622 -0.686 -0.097 -0.217 -0.151 0.338 0.065 0.533 0.451 0.703 1.000 0.810 0.438 0.408 0.052 0.307 0.429 0.032 0.566 -0.073 0.063
0.416 -0.762 -0.404 0.115 -0.297 0.282 -0.492 0.131 -0.667 0.349 0.263 0.240 -0.490 -0.551 0.303 0.153 0.152 0.255 0.458 0.365 0.633 0.447 0.620 -0.306 -0.124 0.569 0.133 0.301 0.203 0.594 0.471 -0.262 -0.368 0.643 -0.220 0.293 -0.695 0.921 -0.251 0.742 -0.766 0.104 -0.193 0.452 -0.048 -0.347 -0.565 -0.395 -0.246 -0.325 -0.338 -0.319 -0.410 -0.582 0.009 -0.316 -0.099 0.363 0.290 0.745 0.700 0.566 0.810 1.000 0.245 0.345 -0.193 0.654 0.405 0.018 0.401 -0.019 0.258
0.086 -0.208 -0.027 -0.191 0.392 0.041 -0.301 -0.267 -0.311 -0.131 -0.227 0.201 -0.107 -0.313 -0.125 -0.135 -0.424 -0.313 -0.113 0.012 -0.024 0.591 0.705 0.233 -0.172 -0.125 -0.089 0.462 -0.237 0.094 -0.299 -0.256 -0.128 -0.138 -0.318 -0.020 0.021 0.207 -0.516 0.528 -0.235 -0.549 0.130 -0.322 0.162 -0.472 -0.446 -0.213 0.097 -0.416 -0.143 -0.267 -0.382 -0.400 0.008 -0.299 -0.068 -0.170 -0.490 0.105 0.006 0.576 0.438 0.245 1.000 0.570 -0.071 0.049 0.362 -0.573 0.373 -0.210 -0.475
-0.075 -0.211 0.025 -0.274 0.131 -0.106 -0.381 -0.354 -0.313 -0.138 -0.407 0.009 -0.303 -0.352 -0.448 -0.305 -0.052 0.099 -0.001 -0.158 0.145 0.476 0.456 -0.207 -0.112 0.108 -0.039 0.386 0.263 0.314 -0.334 -0.359 -0.196 0.229 -0.333 0.139 0.024 0.310 -0.482 0.456 -0.047 -0.474 -0.165 -0.250 -0.023 -0.420 -0.271 -0.340 0.013 -0.480 0.031 -0.155 -0.367 -0.299 -0.032 -0.376 -0.151 0.098 -0.038 0.261 0.211 0.472 0.408 0.345 0.570 1.000 -0.015 0.049 0.250 -0.340 0.516 -0.329 -0.062
-0.138 -0.037 -0.167 -0.082 -0.052 -0.031 -0.194 -0.235 0.355 -0.200 -0.177 -0.029 -0.022 0.040 -0.161 -0.206 -0.105 -0.122 -0.364 -0.025 -0.345 -0.216 0.128 -0.091 -0.180 -0.387 -0.194 -0.163 -0.008 0.247 -0.148 0.225 0.153 -0.307 0.215 -0.303 0.131 -0.119 -0.187 -0.193 0.131 -0.153 0.275 0.008 0.184 -0.091 0.082 -0.195 -0.100 0.044 0.044 -0.136 -0.217 -0.045 0.139 0.063 0.040 -0.200 -0.177 -0.333 -0.048 0.120 0.052 -0.193 -0.071 -0.015 1.000 -0.223 0.199 0.168 0.226 0.560 -0.144
0.043 -0.504 -0.213 0.022 -0.046 -0.034 -0.191 0.248 -0.434 0.061 0.389 0.020 -0.213 -0.358 0.326 0.418 0.091 0.161 0.672 0.106 0.629 0.342 0.252 -0.084 0.058 0.517 0.594 0.586 0.157 0.462 0.323 -0.339 -0.258 0.611 -0.383 0.483 -0.529 0.620 -0.055 0.525 -0.546 0.127 -0.182 0.122 -0.223 -0.090 -0.383 0.017 -0.151 -0.293 -0.150 -0.408 0.089 -0.290 0.064 -0.297 0.067 0.244 0.143 0.674 0.721 0.281 0.307 0.654 0.049 0.049 -0.223 1.000 0.394 0.021 0.149 0.122 0.296
0.231 -0.553 -0.382 0.094 -0.112 0.076 -0.494 -0.218 -0.299 -0.195 -0.047 0.065 -0.295 -0.355 0.087 -0.006 -0.092 -0.354 0.128 0.284 -0.010 0.373 0.568 -0.076 0.032 -0.166 -0.176 0.488 -0.041 0.678 -0.039 -0.010 -0.121 -0.026 -0.401 0.054 -0.276 0.521 -0.533 0.503 -0.402 -0.405 0.137 0.270 0.062 -0.347 -0.484 -0.262 -0.069 -0.292 -0.183 -0.347 -0.392 -0.562 0.023 -0.378 -0.218 0.054 -0.326 0.286 0.330 0.563 0.429 0.405 0.362 0.250 0.199 0.394 1.000 -0.382 0.555 0.324 -0.224
-0.055 0.007 -0.228 0.144 -0.374 0.102 0.077 0.084 0.297 0.451 0.286 -0.220 -0.088 0.138 0.188 0.045 0.529 0.144 -0.122 -0.103 0.045 -0.327 -0.218 -0.348 -0.130 0.068 0.038 -0.518 -0.012 0.085 0.493 0.388 0.238 0.188 0.362 0.006 -0.131 -0.037 0.358 -0.117 0.005 0.698 -0.053 0.284 0.030 0.325 0.212 -0.146 -0.110 0.303 0.029 0.106 0.203 0.150 -0.002 0.319 0.124 0.302 0.566 -0.065 0.111 -0.293 0.032 0.018 -0.573 -0.340 0.168 0.021 -0.382 1.000 -0.128 0.073 0.600
0.162 -0.513 -0.416 -0.291 -0.171 0.192 -0.606 -0.328 -0.331 0.157 -0.252 0.169 -0.405 -0.388 -0.091 -0.163 -0.009 -0.138 -0.029 0.273 0.092 0.348 0.666 -0.540 -0.327 -0.022 -0.193 0.162 0.158 0.529 0.030 -0.139 -0.292 0.179 -0.284 0.166 -0.146 0.493 -0.565 0.511 -0.308 -0.307 0.078 0.170 -0.110 -0.333 -0.387 -0.304 -0.173 -0.427 -0.129 -0.166 -0.535 -0.498 0.064 -0.122 0.013 0.201 -0.129 0.300 0.366 0.629 0.566 0.401 0.373 0.516 0.226 0.149 0.555 -0.128 1.000 -0.094 -0.143
0.092 -0.162 -0.188 0.107 -0.096 0.121 -0.204 -0.095 0.261 -0.209 0.129 0.062 0.007 -0.052 0.121 0.120 -0.067 0.074 -0.034 0.300 -0.158 -0.357 -0.033 0.258 0.141 -0.205 -0.023 0.023 -0.042 0.359 0.062 0.298 0.248 -0.274 0.177 -0.402 -0.132 -0.020 -0.160 -0.310 -0.031 0.003 0.325 0.272 0.108 -0.092 0.199 -0.216 -0.204 0.029 -0.199 -0.095 -0.090 0.029 0.028 -0.032 -0.040 -0.244 -0.110 -0.181 -0.009 -0.101 -0.073 -0.019 -0.210 -0.329 0.560 0.122 0.324 0.073 -0.094 1.000 -0.062
-0.151 -0.093 -0.208 -0.139 -0.136 0.005 -0.148 -0.103 0.001 0.340 0.039 -0.117 -0.370 -0.108 -0.016 -0.080 0.692 0.400 0.190 0.067 0.297 -0.104 -0.271 -0.318 0.114 0.284 0.253 -0.277 0.150 0.229 0.342 0.086 -0.018 0.367 0.108 0.146 -0.201 0.207 0.138 0.090 -0.047 0.447 -0.476 0.148 -0.044 0.254 0.021 -0.124 -0.381 -0.180 -0.209 -0.008 0.169 0.033 0.022 0.017 -0.008 0.656 0.850 0.348 0.437 -0.219 0.063 0.258 -0.475 -0.062 -0.144 0.296 -0.224 0.600 -0.143 -0.062 1.000
