0	0.805002537	-0.600603872	0.869614306	0	0	0.158127991	0	0	0	0.556873012	0	0.827968008	0	0	0	0.264553249	0	-0.234840074	0.341343887	0	0	0	0	0	0	0	0	0.430017318	0	0	0	0.357358551	0.884312066	0	0	0.799759906	0	0.204771012	0	0	0	0	0	0	0	0	0	0	0	0	0	0	0	0	0	-0.313617035	0	0.493331812	0	-0.173818463	0	-0.343395524	0	-1.455039134	0	0	0	-0.195361779	0.85708381	1.756945996	0	0.002606316	0	0.52575833	0	0.023515126	0	-2.255836933	0	0.172908066	0	-0.973932611	0	0.754889797	0	0	0	0	0	0	0	0	0	-0.371172738	0	0.993309981	0	0	0	0	0	0	0	0.354973778	0	0	0	0	0	0	0	0	0	0	00.805002537	0	0	-0.729555775	0	0	0	0.189348455	0	0	0	0.952399802	0	-0.84000846	0	0	0	1.205087369	1.72243566	-0.101955527	0	0	0	0	0	0	0	0	0	-0.538197551	0	0	1.431756796	1.136836863	0	0	0	0.268403178	0	-0.881063657	0	0	0	0	0	0	0	-0.933291817	0	0	0	0	0	0	0	0	0	-0.081152801	0	0	0	1.692661926	0	1.13655305	0	0.92830463	-0.601190545	0	1.087423508	-0.067480018	0	1.430663076	0	0.501556455	0	-0.341203762	0	0.187563121	0	-0.050963602	0	-0.769549412	0	-0.850812343	0	0.329819224	0	0	0	0	0	0	0	0	0	-0.393802594	0	0	0	0.012759736	0	0	0	2.544873705	0	1.462163845	0	0	0	0	0	0	0	0	0	-1.896523893-0.600603872	0	0	0.248505933	0.583469167	-0.601807751	0.500044938	0.949904381	0.608982434	0	-1.90360151	-0.758709247	0.764191319	0.866454844	-0.20908734	0	0	0	0.163670291	0.889766475	0	0	0.704190449	0.153583072	0.128703996	0.616066588	0	0	-0.807286155	0	0.541037591	0.269203745	0.545765142	-0.680936788	0	0	0	0	0	0	0	0	0	0	0	0	0	0	0	0	0	0	0	0	0	0	0	0	0	0	0	0	0	0	0	0	0	0	-0.452879188	0	0.328971345	0.331899893	0.21569014	0.568557095	1.503982109	0	0.976302417	-0.144898493	0	0	0	0	0	0	0	0	0	0	0	0	0	0	0	0	0	0	0	0	0	0	0	0	0	0	0	0	0	0	0	0	0	0	0	0	0	00.869614306	-0.729555775	0.248505933	0	-0.512281026	0.828399125	1.852216609	0.880931712	0	-0.782027125	0	0.820359561	0	0.926539213	0	-1.453193104	0	0	0.16120659	0.046914499	0	0	0.532606674	1.066979486	-0.36589218	0.5500709	0	0	0	-0.969617539	0.476407423	0.732890322	0.612123171	0.396015401	0	0	0	-0.50120922	0	0	0	0	0	0	0	0	0	0	0	0	0	0	0	0	0	0	0	-1.403513625	0	0	0	0	0	0	0	0	0	0	0.634261232	-0.866565119	0.000828523	0.490809081	-0.572786427	0.974824765	0	2.377486538	-0.550832076	0.390401968	0	0	0	0	0	0	0	0	0	0	0	0	0	0	0	0	0	-1.59083711	0	0	0	0	0	0	0	0	0	0.068264589	0	0	-1.359362926	0	0	0	0	0	0	00	0	0.583469167	-0.512281026	0	0.775584475	0.591874885	-0.089664144	0.36258739	0	0	0	-1.581682498	0	0.303035241	0	0	0	0	0	0.385999095	0.709149608	1.282021615	0	0.154620407	0.803598213	0.087360406	-0.520958445	0.718779027	0	0.862056333	0.684030484	0	0	0	0	0	0	0.068689615	0	0.544384644	0	0	0	0	0	0	0	0	0	0	0	0	0	0	0	0	0	0	0	0	0	0	0	0	0	0	0	0	0	0.728748145	0	0.56321666	0	-1.487534137	0	-0.249710247	0	-1.132305394	0	0.633117095	0	-0.724234478	0	-0.796467806	0	0.630062916	0	-0.763717864	0	0	0	0	0	0	0	0	0	0	0	0	0	0	0	0	0	0	0	0	0	0	0	0	0	0	00	0	-0.601807751	0.828399125	0.775584475	0	0.444496508	0.195596216	0	0.74585734	0	0	0	0	0	0.89981879	0	0	0	0	0.451087441	1.079689428	1.68240392	-0.542298197	0.555103965	0.393070529	-0.421940114	0.204311244	0	0.8405005	0.791253845	0.638777134	0	0	0	0	0	-0.14371837	0	-0.5793026	0	0.48949332	0	0	0	0	0	0	0	0	0	-0.408503618	0	0	0	1.120674334	0	0	0	0	0	0	0	0	0	0	0	0	0	0	0.854607225	0.729578141	0	-0.597616899	0	0	0	0	0	0	0	-1.368275704	0	2.356080461	0	0.939228864	0	1.75875458	0	0.665557024	0	0	0	0	0	0	0	0	0	0	0	0	0	0	0	0	0	0	0	0	0	0	0	0	0	00.158127991	0	0.500044938	1.852216609	0.591874885	0.444496508	0	1.985453253	0.169794731	0	0.747950011	0	0.335324734	0.840624564	1.054648909	0	0	0	0.469636226	0	0	0	1.151003922	0.051251918	-0.33303975	0	0	0	0.390402935	0	0.391489045	0.478116612	0.102677716	0	0	0	0	0	0	0	0	0	0	0	0	0	0	0	0	0	0	0	0	0	0	0	-1.117577664	0	0	0	0	0	0	0	0	0	0	0	-0.957197581	0	0.311565875	0	0.369899408	0.299427743	1.236343372	0	0.850115343	0	0	0	1.833147441	0	0	0	0	0	0	0	0	0	0	0	0	0	0	0	0	0	0	0	0	0	0	0	0	0	0	0	0	0	0	0	0	0	0	00	0.189348455	0.949904381	0.880931712	-0.089664144	0.195596216	1.985453253	0	0	-0.098767752	0	1.096278625	0	0.14442158	0	0.192690856	0	0	0.552268224	0.326985104	0	0	-0.8090057	0.850146215	-1.794058322	0.393735686	0	0	0	-0.135122685	0.449643703	0.573557295	0.755885182	-0.154455157	0	0	0	0	0	0	0	0	0	0	0	0	0	0	0	0	0	0	0	0	0	0	0	-0.325062188	0	0	0	0	0	0	0	0	0	0	0	0	0	0.710204073	0	0.551070148	0	1.107564779	0	0.49708351	0	0	0	0	0	2.166510944	0	0	0	0	0	0	0	0	0	0	0	0	0	0	0	0	0	0	0	0	0	0	0	0	0	0	0	0	0	0	0	00	0	0.608982434	0	0.36258739	0	0.169794731	0	0	0	0	0	0.187694938	0	0.338283369	0	0	0	0	0	0	0	0	0	0	0	0.818051342	0	0.682622079	0	0	0	0	0	0	0	0	0	-0.994352898	0	0	0	0	0	0	0	0	0	0	0	0	0	0	0	0	0	0	0	0	0	0	0	0	0	0	0	0	0	0	0	0.764260071	0	-0.933089077	0	0	0	0	0	0	0	-0.710044761	0	-0.175205524	0	0	0	-0.809039835	0	0	0	0	0	0	0	0	0	0	0	0	0	0	0	0	0	0	0	0	0	0	0	0	0	0	0	0	00	0	0	-0.782027125	0	0.74585734	0	-0.098767752	0	0	0	0	0	-0.520811047	0	0.720137442	0	0	0	0	0	0	0	0	0	0	0	-0.372680006	0	3.798988321	0	0	0	0	0	0	0	2.544246383	0	-1.52996227	0	0	0	0	0	0	0	0	0	0	0	0	0	0	0	0	0	0	0	0	0	0	0	0	0	0	0	0	0	0	0	-0.271375926	0	1.027618101	0	0	0	0	0	0	0	1.897366596	0	0.126743873	0	0	0	1.897366596	0	0	0	0	0	0	0	0	0	0	0	0	0	0	0	0	0	0	0	0	0	0	0	0	0	0	0	00.556873012	0	-1.90360151	0	0	0	0.747950011	0	0	0	0	0	0.476277026	0	0.29480105	0	0.525863274	0	0	0	0	0	0	0	0	0	0	0	0.369217906	0	-1.545432928	0	0	0	0	0	0	0	0	0	0	0	0	0	0	0	0	0	0	0	0	0	0	0	0	0	-1.615389727	0	0	0	-3.097480667	0	1.577706944	0	-0.509273238	0	0	0	0	0	0	0	0	0	0	0	0	0	1.836879398	0	1.376791478	0	-0.751784156	0	2.212901043	0	0	0	0	0	0	0	0	0	0	0	0	0	0	0	0	0	0	0	0	0	0	0	0	0	0	0	0	0	0	00	0.952399802	-0.758709247	0.820359561	0	0	0	1.096278625	0	0	0	0	0	0.72313567	0	0.129952919	0	1.185281033	0	0	0	0	0	0	0	0	0	0	0	0.842550856	-1.243585104	-1.2195225	0	0	0	0	0	0	0	0	0	0	0	0	0	0	0	0	0	0	0	0	0	0	0	0	0	-1.356956872	0	0	0	0	0	0.410316627	0	0.516746803	0	0	0	0	0	-0.050932227	0	0.453708627	0	-0.273185745	0	-0.686489602	0	0	0	0.43351724	0	0.860654937	0	0	0	0	0	0	0	0	0	0	0	0	0	0	0	0	0	0	0	0	0	0	0	0	0	0	0	0	0	0	0	00.827968008	0	0.764191319	0	-1.581682498	0	0.335324734	0	0.187694938	0	0.476277026	0	0	0	1.111262991	0	1.895950702	0	0	0	0	0	-1.412934208	0	0	0	0	0	0.160853602	0	-1.44959783	-0.728264187	0	0	0	0	0	0	0	0	0	0	0	0	0	0	0	0	0	0	0	0	0	0	0	0	-0.6499196	0	0	0	0	0	0	0	0	0	0	0	0	0	0.551776148	0	0.310526562	0	-0.360459648	0	0.131112225	0	0	0	2.785979061	0	0.25979184	0	2.153226641	0	0	0	0	0	0	0	0	0	0	0	0	0	0	0	0	0	0	0	0	0	0	0	0	0	0	0	0	0	0	00	-0.84000846	0.866454844	0.926539213	0	0	0.840624564	0.14442158	0	-0.520811047	0	0.72313567	0	0	0	0.61052281	0	-0.51492052	0	0	0	0	0	-0.206904999	0	0	0	0	0	0.667791017	-1.114123456	-0.645734647	0	0	0	0	0	0	0	0	0	0	0	0	0	0	0	0	0	0	0	0	0	0	0	0	0	-0.211686708	0	0	0	0	0	0	0	0	0	0	0	0	0	-0.771187315	0	0.889268524	0	1.007842857	0	1.295038476	0	0	0	2.824771472	0	2.103652819	0	1.897366596	0	0	0	0	0	0	0	0	0	0	0	0	0	0	0	0	0	0	0	0	0	0	0	0	0	0	0	0	0	00	0	-0.20908734	0	0.303035241	0	1.054648909	0	0.338283369	0	0.29480105	0	1.111262991	0	0	0	0	0	0	0	0.048697966	0	-0.405455391	0	0.09085681	0	0.789575213	0	0.656758409	0	0	0	0	0	0	0	0	0	1.297902225	0	-0.744678316	0	0	0	0	0	0	0	0	0	0	0	0	0	0	0	0	0	0	0	0	0	0	0	0	0	0	0	0	0	-0.110574442	0	-0.863779167	0	0	0	0	0	-1.986185453	0	0.164464452	0	0.683396403	0	0.676979156	0	-0.112732626	0	-0.264152141	0	0	0	0	0	0	0	0	0	0	0	0	0	0	0	0	0	0	0	0	0	0	0	0	0	0	00	0	0	-1.453193104	0	0.89981879	0	0.192690856	0	0.720137442	0	0.129952919	0	0.61052281	0	0	0	0	0	0	0	-1.990241153	0	0	0	1.242118007	0	1.621458893	0	1.146199354	0	0	0	0	0	0	0	2.733782243	0	0.815115856	0	-0.140237792	0	0	0	0	0	0	0	0	0	1.242118007	0	0	0	0.519106866	0	0	0	0	0	0	0	0	0	0	0	0	0	0	0	0.008719325	0	-0.3940044	0	0	0	0	0	0	0	0.528288647	0	1.49880712	0	2.925488786	0	1.540355495	0	0.060381865	0	0	0	0	0	0	0	0	0	0	0	0	0	0	0	0	0	0	0	0	0	0	0	0	0	00.264553249	0	0	0	0	0	0	0	0	0	0.525863274	0	1.895950702	0	0	0	0	0	0	0	0	0	0	0	0	0	0	0	-0.091964988	0	0	0	0	0	0	0	-1.536568177	0	0	0	0	0	0	0	0	0	0	0	0	0	0	0	0	0	0	0	-0.120565517	0	0	0	-0.625576353	0	0.087601132	0	-0.879424456	0	0	0	0	0	0	0	0.365617831	0	0	0	0	0	0.132801298	0	0.430435095	0	1.167874936	0	-1.564797933	0	0	0	0	0	0	0	0	0	0	0	0	0	0	0	0	0	0	0	0	0	0	0	0	0	0	0	0	0	0	00	1.205087369	0	0	0	0	0	0	0	0	0	1.185281033	0	-0.51492052	0	0	0	0	0	0	0	0	0	0	0	0	0	0	0	1.057000512	0	0	0	0	0	0	0	0	0	0	0	0	0	0	0	0	0	0	0	0	0	0	0	0	0	0	0	1.097010614	0	0	0	-1.96115089	0	0.547281472	0	-1.876133534	0	0	0	0	0	0	0	-0.000754185	0	0	0	0	0	1.13814227	0	0.821254709	0	0.31708904	0	0.667576941	0	0	0	0	0	0	0	0	0	0	0	0	0	0	0	0	0	0	0	0	0	0	0	0	0	0	0	0	0	0-0.234840074	1.72243566	0.163670291	0.16120659	0	0	0.469636226	0.552268224	0	0	0	0	0	0	0	0	0	0	0	-0.006547959	0	0	-0.693659115	0.537771063	0	0	0	0	-0.197027985	0	-0.475965806	0.074378538	0.380504172	1.089681362	0	0	0	0	0	0	0	0	0	0	0	0	0	0	0	0	0	0	0	0	0	0	0	0	0	0	0	0	0	0	0	0	3.238671211	0	-0.536977158	-0.274370209	-0.477560343	-0.562368542	-0.541481727	0.130591251	0.183796262	0	-1.339614741	-1.191730558	0	0	0	0	0	0	0	0	0	0	0	0	0	0	0	0	0	0	0	0	0	0	0	0	0	0	0	0	0	0	0	0	0	0	0	0	0	00.341343887	-0.101955527	0.889766475	0.046914499	0	0	0	0.326985104	0	0	0	0	0	0	0	0	0	0	-0.006547959	0	0	0	0.309498812	0.149935227	0	0	0	0	0	0	-1.008711129	-2.11989139	0.492945839	0.733153178	0	0	0	0	0	0	0	0	0	0	0	0	0	0	0	0	0	0	0	0	0	0	0	-1.101459155	0	0	0	0	0	0	0	0	0.367738214	-0.433767618	0.67538299	0.106492103	0	0	0	0	0	0	0	-1.590984906	0	0	0	0	0	0	0	0	0	0	0	0	0	0	0	0	0	0	0	0	0	0	0	0	0	0	0	0	0	0	0	0	0	0	0	0	0	00	0	0	0	0.385999095	0.451087441	0	0	0	0	0	0	0	0	0.048697966	0	0	0	0	0	0	0.074444273	0	0	0.084088407	-0.053993747	0.106899695	-0.756796801	0.146108591	0	0.163530164	0.012534608	0	0	0	0	1.570100584	0	1.551978916	0	0.078288283	0	0	0	0	0	0	0	0	0	2.266391254	0	0	0	0	0	0	0	0	0	0	0	0	0	0	0	0	0	0	0	-0.267591363	-0.291035482	0.71669528	0	0.284224118	0	0.672830669	0	-1.307658799	0	-0.663247002	0	-0.576439874	0	-0.811719564	0	1.797499602	0	0.341674067	0	0	0	0	0	0	0	0	0	0	0	0	0	0	0	0	0	0	0	0	0	0	0	0	0	0	00	0	0	0	0.709149608	1.079689428	0	0	0	0	0	0	0	0	0	-1.990241153	0	0	0	0	0.074444273	0	0	0.151682691	3.349161845	1.169936997	0.92299711	0.831142399	0	-0.832426922	0.887983011	0.496881004	0	0.010402443	0	0	0	-0.148427145	0	1.28310045	0	0.639332514	0	0	0	0	0	0	0	0	0	0	0	0	0	1.170133315	0	0	0	0	0	0	0	0	0	0	0	0	0	0	0.265068713	0.021276965	-1.287320628	0.600062482	0	-0.079614474	0	2.645455953	0	0	0	-0.743314484	0	1.09178271	0	-1.151993021	0	1.034094049	0	-1.221425497	0	0	0	0	0	0	0	0	0	0	0	0	0	0	0	0	0	0	0	0	0	0	0	0	0	00	0	0.704190449	0.532606674	1.282021615	1.68240392	1.151003922	-0.8090057	0	0	0	0	-1.412934208	0	-0.405455391	0	0	0	-0.693659115	0.309498812	0	0	0	1.161029985	0.069339728	0.152454292	0	0	0	0	0.510933315	0.443252274	0.857190449	0.141471202	0	0	0	0	0	0	0	0	0	0	0	0	0	0	0	0	0	0	0	0	0	0	0	0	0	0	0	0	0	0	0	0	0	0	0	0	0	0	0	0	0	0	0	0	0	0	0	0	0	0	0	0	0	0	0	0	0	0	0	0	0	0	0	0	0	0	0	0	0	0	0	0	0	0	0	0	0	0	0	0	0	00	0	0.153583072	1.066979486	0	-0.542298197	0.051251918	0.850146215	0	0	0	0	0	-0.206904999	0	0	0	0	0.537771063	0.149935227	0	0.151682691	1.161029985	0	2.000008293	0.335057476	0	0	0	0	0.675261177	0.711807888	-2.264181987	0.292851162	0	0	0	0	0	0	0	0	0	0	0	0	0	0	0	0	0	0	0	0	0	0	0	0	0	0	0	0	0	0	0	0	0	0	0	0	0	0	0	0	0	0	0	0	0	0	0	0	0	0	0	0	0	0	0	0	0	0	0	0	0	0	0	0	0	0	0	0	0	0	0	0	0	0	0	0	0	0	0	0	0	00	0	0.128703996	-0.36589218	0.154620407	0.555103965	-0.33303975	-1.794058322	0	0	0	0	0	0	0.09085681	0	0	0	0	0	0.084088407	3.349161845	0.069339728	2.000008293	0	0.548722561	0.026775092	-0.282066093	0.43633634	0	0.193787912	0.038228595	2.31757861	0	0	0	0	0	0	0	0	0	0	0	0	0	0	0	0	0	0	0	0	0	0	0	0	0	0	0	0	0	0	0	0	0	0	0	0	0	1.358217646	0	0.766002882	0	0	0	0	0	0	0	0	0	0	0	0	0	0	0	0	0	0	0	0	0	0	0	0	0	0	0	0	0	0	0	0	0	0	0	0	0	0	0	0	0	0	00	0	0.616066588	0.5500709	0.803598213	0.393070529	0	0.393735686	0	0	0	0	0	0	0	1.242118007	0	0	0	0	-0.053993747	1.169936997	0.152454292	0.335057476	0.548722561	0	-2.762151288	0.145903487	0	0	1.152899582	0.553137987	0	1.267691734	0	0	0	0	0	0	0	0	0	0	0	0	0	0	0	0	0	0	0	0	0	0	0	0	0	0	0	0	0	0	0	0	0	0	0	0	0.484533061	1.673852113	0	0.580022318	0	0	0	0	0	0	0	0	0	0	0	0	0	0	0	0	0	0	0	0	0	0	0	0	0	0	0	0	0	0	0	0	0	0	0	0	0	0	0	0	0	00	0	0	0	0.087360406	-0.421940114	0	0	0.818051342	0	0	0	0	0	0.789575213	0	0	0	0	0	0.106899695	0.92299711	0	0	0.026775092	-2.762151288	0	-0.061176434	0.461616668	0	-0.542052941	-0.863565372	0	0	0	0	1.014617953	0	1.021643315	0	1.317793509	0	0	0	0	0	0	0	0	0	0	0	0	0	0	0	0	0	0	0	0	0	0	0	0	0	0	0	0	0	1.605817818	0	-1.178145731	0	0	0	0	0	0	0	-0.489827494	0	1.80243531	0	0.459512307	0	0	0	0	0	0	0	0	0	0	0	0	0	0	0	0	0	0	0	0	0	0	0	0	0	0	0	0	0	0	00	0	0	0	-0.520958445	0.204311244	0	0	0	-0.372680006	0	0	0	0	0	1.621458893	0	0	0	0	-0.756796801	0.831142399	0	0	-0.282066093	0.145903487	-0.061176434	0	0	-0.222460359	-1.104063082	-0.069997185	0	0	0	0	0	-2.006175737	0	-0.104970546	0	0.574815049	0	0	0	0	0	0	0	0	0	0	0	0	0	0	0	0	0	0	0	0	0	0	0	0	0	0	0	0	-0.84853419	-0.615414724	0	0.553228639	0	0	0	0	0	0	0	-1.430745448	0	2.612135868	0	-0.411407564	0	2.85143812	0	-0.35406394	0	0	0	0	0	0	0	0	0	0	0	0	0	0	0	0	0	0	0	0	0	0	0	0	0	00.430017318	0	-0.807286155	0	0.718779027	0	0.390402935	0	0.682622079	0	0.369217906	0	0.160853602	0	0.656758409	0	-0.091964988	0	-0.197027985	0	0.146108591	0	0	0	0.43633634	0	0.461616668	0	0	0	-2.670866577	-1.199085529	0	0	0	0	-0.631474941	0	-2.305608831	0	-2.135944507	0	0	0	0	0	0	0	0	0	1.258677891	0	0	0	0	0	0.221867988	0	0.543336428	0	-0.731617418	0	-1.073727367	0	0.758143121	0	-0.558852266	0	0	0	-0.9206986	0	0.134082932	0	0.262734039	0	-0.331100452	0	0.149532101	0	-0.014126911	0	0.663105514	0	-0.105951702	0	-0.91884271	0	0.069494793	0	0	0	0	0	0.124399625	0	-0.681752649	0	0	0	0	0	0	0	0	0	0	0	0	0	0	0	0	0	0	00	-0.538197551	0	-0.969617539	0	0.8405005	0	-0.135122685	0	3.798988321	0	0.842550856	0	0.667791017	0	1.146199354	0	1.057000512	0	0	0	-0.832426922	0	0	0	0	0	-0.222460359	0	0	0	0	0	0	0	0.369958809	0	-0.528080775	0	-0.350869803	0	1.321918065	0	-0.664123909	0	0	0	-1.028397849	0	0.160391003	0	2.321491449	0	0	0	1.240981899	0	0.433209812	0	-0.054689552	0	0.282944277	0	0.591358212	0	1.132609585	0	-1.255576054	0	0	0	0.628739222	0	0.767005771	0	-0.748838066	0	0.885655248	0	0.345065428	0	0.784677112	0	1.373227646	0	1.314380765	0	0.987647415	0	-0.100954924	0	0	0	0	0	-1.532636457	0	0	0	0	0	0	0	2.26318344	0	-1.179606238	0	0	0	0	0	0	0	0	0	00	0	0.541037591	0.476407423	0.862056333	0.791253845	0.391489045	0.449643703	0	0	-1.545432928	-1.243585104	-1.44959783	-1.114123456	0	0	0	0	-0.475965806	-1.008711129	0.163530164	0.887983011	0.510933315	0.675261177	0.193787912	1.152899582	-0.542052941	-1.104063082	-2.670866577	0	0	-0.101688935	0.822433053	0.311694876	0	0	0	0	0	0	0	0	0	0	0	0	0	0	0	0	0	0	0	0	0	0	0	0	0	0	0	0	0	0	0	0	3.2297268	0	0	0	-0.313221092	-1.508295876	-0.383155078	-1.038061174	0	0	-0.218946575	-1.370419036	0	0	0	0	0	0	0	0	0	0	0	0	0	0	0	0	0	0	0	0	0	0	0	0	0	0	0	0	0	0	0	0	0	0	0	0	0	00	0	0.269203745	0.732890322	0.684030484	0.638777134	0.478116612	0.573557295	0	0	0	-1.2195225	-0.728264187	-0.645734647	0	0	0	0	0.074378538	-2.11989139	0.012534608	0.496881004	0.443252274	0.711807888	0.038228595	0.553137987	-0.863565372	-0.069997185	-1.199085529	0	-0.101688935	0	1.533439084	0.781695557	0	0	0	0	0	0	0	0	0	0	0	0	0	0	0	0	0	0	0	0	0	0	0	0	0	0	0	0	0	0	0	0	0	2.367978941	0	0	-0.69500201	0.436771298	-3.008776453	-0.325788987	0	0.323897064	-1.788617807	-0.728688227	0	0	0	0	0	0	0	0	0	0	0	0	0	0	0	0	0	0	0	0	0	0	0	0	0	0	0	0	0	0	0	0	0	0	0	0	0	00.357358551	1.431756796	0.545765142	0.612123171	0	0	0.102677716	0.755885182	0	0	0	0	0	0	0	0	0	0	0.380504172	0.492945839	0	0	0.857190449	-2.264181987	2.31757861	0	0	0	0	0	0.822433053	1.533439084	0	0.636965339	0.480343907	-0.391768967	0	0	0	0	0	0	2.532598796	0	0.742166812	1.061478782	0.685348075	0	0.81399926	0	-1.130198671	0	0	0	0	0	2.068763471	1.360304511	1.03026757	0.597651422	0	0	0	0	0	0	0.293375302	1.407461952	0.266829079	1.409418462	0	0	0	0	0	0	0.932895624	-0.484428208	0	0	0	0	0	0	0	0	0	0	0	0	0	0	0	0	0	0	0	0	0	0	0	0	0	0	0	0	0	0	0	0	0	0	0	0	0	00.884312066	1.136836863	-0.680936788	0.396015401	0	0	0	-0.154455157	0	0	0	0	0	0	0	0	0	0	1.089681362	0.733153178	0	0.010402443	0.141471202	0.292851162	0	1.267691734	0	0	0	0	0.311694876	0.781695557	0.636965339	0	0.834362487	0.540230107	0	0	0	0	0	0	1.242118007	0.863644766	1.896187977	1.30686558	0	1.463640312	0	0	0	0	0	0	0	0	-0.567142533	2.612990548	0.157745489	1.322919032	0	0	0	0	0	0	0.730602141	0.482866058	-0.410964216	0.424883533	0	0	0	0	0	0	0	0	0	0	0	0	0	0	0	0	0	0	0	0	0	0	0	0	0	0	0	0	0	0	0	0	0	0	0	0	0	0	0	0	0	0	0	0	0	00	0	0	0	0	0	0	0	0	0	0	0	0	0	0	0	0	0	0	0	0	0	0	0	0	0	0	0	0	0	0	0	0.480343907	0.834362487	0	0.369853068	-0.181266561	1.183820002	2.452136995	1.663139219	0	0	-0.383079987	1.850074553	0.542161711	1.627075012	0.319306688	0.613609545	1.741496716	5.86337773	0.11383737	0	0	0	-1.094807256	1.362537611	0	0	-0.14083849	0.850041082	0	0	0	0	0	0	0.493035058	0.093990406	0	0	0	0	0	0	0	0	0	0	0	0	0	0	0	0	-2.20912042	0	0	0	-0.483132439	-1.548663844	0	0	0	0	0	0	1.704780782	0	0	0	0	0	0	0	0	0	0	0	0	0	0.294073103	0	0	0	0	00	0	0	0	0	0	0	0	0	0	0	0	0	0	0	0	0	0	0	0	0	0	0	0	0	0	0	0	0	0.369958809	0	0	-0.391768967	0.540230107	0.369853068	0	-0.709258943	0.553082553	0.478071239	1.095218856	0	0	-0.547497397	1.187772536	-0.047056632	0.814408423	0.975462349	0.586574766	3.261850105	1.447563201	0.101762346	-0.756979527	0	0	0	-0.949478027	0	0	-0.212817826	-0.864655043	0	0	0	0	0	0	-0.009555958	0.506711989	0	0	0	0	0	0	0	0	-1.144750111	-2.556419016	0	0	0	0	0	0	-1.28364289	0	0	0	-1.886808312	-1.929279239	0	0	0	0	0	0	0	1.542686006	0	0	0	0	0	0	0	0	0	0	0	0	1.076929212	0	0	0	0	00.799759906	0	0	0	0	0	0	0	0	0	0	0	0	0	0	0	-1.536568177	0	0	0	1.570100584	0	0	0	0	0	1.014617953	0	-0.631474941	0	0	0	0	0	-0.181266561	-0.709258943	0	0.007690126	0.569627829	0.697981266	0.168134363	0	1.728108473	0.580605756	0	0	0.206349475	0.31790411	2.526901597	0	0.39534831	0	1.656059446	0	0.11659433	0.067099508	-0.683445417	0	-0.559637731	0	-0.182614495	0	0	0	-0.780790054	0	0.219537581	0.195847525	0.009294964	0	2.983481639	0	0.22153141	0.94091635	-0.057505519	0.566437706	0.188040708	0.995581448	-1.434913071	0	0.356966082	0	0.283444562	0	0.260601012	0	1.101188123	0	0.074506163	0	1.592316299	0	0	0	-0.132796735	0	0.437608098	0	-0.525077149	0	1.949718933	0	1.80716914	0	-0.930391651	0	0.214706357	0	0	0	0	0	0	0	0	00	0.268403178	0	-0.50120922	0	-0.14371837	0	0	0	2.544246383	0	0	0	0	0	2.733782243	0	0	0	0	0	-0.148427145	0	0	0	0	0	-2.006175737	0	-0.528080775	0	0	0	0	1.183820002	0.553082553	0.007690126	0	-0.772800153	0.874509306	0	1.013108118	0	1.055334583	0	-0.452979673	0.661825526	1.247812157	0	1.575266766	-0.649768724	-0.778709989	0	1.009235144	0	0.907018327	0	-0.946543001	0.515316804	0.924450473	0	0.169655502	0	0.211622172	0	-0.883253324	0.26902753	0.868900172	0	0	0	1.743851856	0	0.55244319	0.364166513	0.229628735	0.729229059	0.575078395	0	-1.031466452	0	0.323190452	0	0.931128979	-1.302712654	0.545555141	0	1.15826311	-2.392121924	0.464936271	0	0	0	0	0	0.78376029	0	0.70140801	0	0.192687967	0	0	0	1.755677598	0	0.450960863	0	0	0	0.385352244	0	0	0	0	0	-0.5165437360.204771012	0	0	0	0.068689615	0	0	0	-0.994352898	0	0	0	0	0	1.297902225	0	0	0	0	0	1.551978916	0	0	0	0	0	1.021643315	0	-2.305608831	0	0	0	0	0	2.452136995	0.478071239	0.569627829	-0.772800153	0	-1.005572191	0.263685507	0	1.607128751	0	2.712528045	0	0.523604623	0	2.347583452	0	2.646277577	0	0	0	0.291250983	0	-0.287871509	0	1.335925717	0	2.2363899	0	0	0	1.160676942	0	1.054632674	0	0.590766998	0	0	0	0.276528654	0	0.728905514	0	0.698807464	0	-0.600314698	0	-0.446955304	0	1.947215347	0	2.328462162	0	1.287802689	0	0.230975298	0	1.114060739	0	0	0	0.986353262	0	0.851642609	0	0.024839405	0	3.638549112	0	1.570909549	-0.362635161	-0.18599752	0	3.524180559	0	0	0	0	0	0	0	0	00	-0.881063657	0	0	0	-0.5793026	0	0	0	-1.52996227	0	0	0	0	0	0.815115856	0	0	0	0	0	1.28310045	0	0	0	0	0	-0.104970546	0	-0.350869803	0	0	0	0	1.663139219	1.095218856	0.697981266	0.874509306	-1.005572191	0	0	1.948431115	0	0.415281419	0	4.342133217	0	0.91771213	0	0.982169934	0	0.661802251	0	0	0	0.395887503	0	0.41048319	0.483922363	1.142302308	0	1.628479221	0	-0.276887805	0	0.401132502	0.218176494	0.553368157	0	0	0	-0.414076302	0	-0.141293701	0	0.348824426	0	-0.61256905	0	-0.934064224	0	-0.506268547	0	2.459263839	0	1.066791168	0	1.853651163	0	0.474463646	0	0	0	0	0	1.818538718	0	2.264670664	0	1.009520155	0	0	0	1.717849191	0	1.175383349	0	1.17979701	0	0	0	0	0	0	0	00	0	0	0	0.544384644	0	0	0	0	0	0	0	0	0	-0.744678316	0	0	0	0	0	0.078288283	0	0	0	0	0	1.317793509	0	-2.135944507	0	0	0	0	0	0	0	0.168134363	0	0.263685507	0	0	0	0	0	0	0	1.191623327	0	0	0	2.306966005	0	0	0	1.488007684	0	0	0	0	0	0	0	0	0	-0.247652811	0	0	0	0	0	0.019448253	0	-0.122911043	0	0.299739639	0	0.36152807	0	-3.371912607	0	-3.231319576	0	0.448907644	0	0.153401951	0	1.217010241	0	-0.815996534	0	0	0	0	0	0	0	0	0	0	0	0	0	0	0	0	0	0	0	0	0	0	0	0	0	0	00	0	0	0	0	0.48949332	0	0	0	0	0	0	0	0	0	-0.140237792	0	0	0	0	0	0.639332514	0	0	0	0	0	0.574815049	0	1.321918065	0	0	0	0	0	0	0	1.013108118	0	1.948431115	0	0	0	0	0	0	0	1.861822542	0	-0.618851674	0	0.664725995	0	0	0	0.969056911	0	0.101075368	0	-0.198894803	0	0	0	0	0	-1.032581257	0	0	0	0	0	0.743106324	0	1.081099578	0	0.110723731	0	2.082392877	0	-1.529672921	0	-0.90201444	0	1.579676693	0	1.152983787	0	0.531793956	0	0.698853332	0	0	0	0	0	0	0	0	0	0	0	0	0	0	0	0	0	0	0	0	0	0	0	0	0	00	0	0	0	0	0	0	0	0	0	0	0	0	0	0	0	0	0	0	0	0	0	0	0	0	0	0	0	0	0	0	0	2.532598796	1.242118007	-0.383079987	-0.547497397	1.728108473	0	1.607128751	0	0	0	0	-0.722185346	0.156151537	0.760772659	0.232696941	0.801150321	0.450982112	1.082092577	0.280614522	0	0.528628976	0	0.384014925	0.855767381	0	0	-0.613351779	0	0	0	0	0	0	0	-0.141119579	0.051269546	0	0	0	0	0	0	0	0	0	0	0	0	0	0	0	0	0	0	0	0	-0.139419766	0	-0.56840359	0.660873811	-0.995095408	0	0	0	-0.682258439	0	1.887670917	0.008876753	0	0	0	0	0	0	0	0	0	0	0.49635018	1.468002318	0	0	0	00	0	0	0	0	0	0	0	0	0	0	0	0	0	0	0	0	0	0	0	0	0	0	0	0	0	0	0	0	-0.664123909	0	0	0	0.863644766	1.850074553	1.187772536	0.580605756	1.055334583	0	0.415281419	0	0	-0.722185346	0	-0.405633982	0.999809084	0.513478523	0.388986572	-1.891597449	0.475604551	-1.091100983	0.766135212	0	0.7342332	0	0.376350854	0	0	0	0.616282578	0	0	0	0	0	0	1.196687187	0.61057979	0	0	0	0	0	2.544554656	0	0	0	0	0	0	0	1.028319142	0	0	0	0.086582768	0	0	0	-2.898217487	0	0	0	0	0	0	0	1.15875017	0	-0.556171976	0	0	0	0	0	0	0	0	0	0	1.448161096	0	0	0	0	00	0	0	0	0	0	0	0	0	0	0	0	0	0	0	0	0	0	0	0	0	0	0	0	0	0	0	0	0	0	0	0	0.742166812	1.896187977	0.542161711	-0.047056632	0	0	2.712528045	0	0	0	0.156151537	-0.405633982	0	-0.204186247	0.041730437	1.452280769	0.607933462	-0.106979647	0.421747589	0	-1.468227359	0	0.511044577	0	0	0	-2.493004156	0	0	0	0	0	0	0	0.100351649	0.04327573	0	0	0	0	0	0	0	0	0	0	0	0	0	0	0	0	0	0	0	0	0	0	0	0	0	0	0	0	-0.396346575	0	0	0	0	0	0	0	0	0	0	0	0	0	-0.461401051	0	0	0	0	00	0	0	0	0	0	0	0	0	0	0	0	0	0	0	0	0	0	0	0	0	0	0	0	0	0	0	0	0	0	0	0	1.061478782	1.30686558	1.627075012	0.814408423	0	-0.452979673	0	4.342133217	0	0	0.760772659	0.999809084	-0.204186247	0	1.489788289	1.353662301	2.067552103	0.730164195	2.194092727	0.92517912	0	-0.608405006	0	0.029760148	0	0	1.565215772	0.074416747	0	0	0	0	0	0	0.879171049	0.351852278	0	0	0	0	0	0	0	0	0	0	0	0	0	0	0	0	0	0.590640159	0	0	0	-0.307997886	0	0	0	0	0	0	0	4.156402128	0	0	0	0	0	0	0	0	0	0	0	0	0	0	0	0	0	00	0	0	0	0	0	0	0	0	0	0	0	0	0	0	0	0	0	0	0	0	0	0	0	0	0	0	0	0	0	0	0	0.685348075	0	0.319306688	0.975462349	0.206349475	0.661825526	0.523604623	0	1.191623327	0	0.232696941	0.513478523	0.041730437	1.489788289	0	-0.263890429	0.758857987	0	0.57750835	0	0.060310542	0	0.445836796	-0.763155946	-2.413285141	0	2.516858491	0	-1.028035118	0	0	0	-0.33465628	0	-0.290811257	0.811096986	0	0	0	0	0	0	0	0	0.215834044	1.468088477	0	0	0	0	1.86926791	0	1.61236672	0	3.21585831	0	0.395205554	0	0.609619743	0	-0.645568628	0	-0.944859535	0	0.444159741	-0.340488654	-0.147087866	-0.439320879	-1.629378696	0	1.037752095	0	0	0	0.081748184	0	0	0.610711344	-0.72226832	1.044114912	0.604504251	0	0	00	-0.933291817	0	0	0	0	0	0	0	0	0	0	0	0	0	0	0	0	0	0	0	0	0	0	0	0	0	0	0	-1.028397849	0	0	0	1.463640312	0.613609545	0.586574766	0.31790411	1.247812157	0	0.91771213	0	1.861822542	0.801150321	0.388986572	1.452280769	1.353662301	-0.263890429	0	0	0.17075166	0	1.054928495	0	0.471167579	2.585177098	0.47969076	0	-0.856446332	0	-1.037606725	0	-0.161784578	0	0	0	0.435911231	0.043009013	0.623935471	0	0	0	0	0	-1.749826593	0	0	1.031492796	0.620359114	0	0	0	0.077084121	0	0	0	1.207211076	0	1.939299759	0	-0.328518827	-0.659981883	1.265481462	0	-1.683837233	0	0.025317408	0.732318609	0.782400878	-0.090015582	0.661185062	1.12190755	-0.778331649	1.23502047	-0.014167309	0	-0.29446202	0	0.551527516	0	-1.896987573	1.568642884	0.839667504	1.499724166	0	0	00	0	0	0	0	0	0	0	0	0	0	0	0	0	0	0	0	0	0	0	0	0	0	0	0	0	0	0	0	0	0	0	0.81399926	0	1.741496716	3.261850105	2.526901597	0	2.347583452	0	0	0	0.450982112	-1.891597449	0.607933462	2.067552103	0.758857987	0	0	0	0.151596294	0	-1.43682291	0	-1.015961206	0	0	0	0.368834201	1.783246588	-1.150301904	0	0	0	-0.303389168	0	0.442702632	0.356290709	0	0	0	0	0	0	0	0	0	0	0	0	0	0	0	0	-0.634538022	0	0	0	-0.185875862	0	0	0	0	0	0	0	0.008113911	0	0	0	0	0	0	0	0	0	0	0	0	0	0	0	0	0	0	00	0	0	0	0	0	0	0	0	0	0	0	0	0	0	0	0	0	0	0	0	0	0	0	0	0	0	0	0	0.160391003	0	0	0	0	5.86337773	1.447563201	0	1.575266766	0	0.982169934	0	-0.618851674	1.082092577	0.475604551	-0.106979647	0.730164195	0	0.17075166	0	0	0	0.442513509	0	-0.81441686	0	-0.994744653	0	0.301955613	0.354901835	-0.223143888	0	-0.430487387	0	0	0	0.298468314	-0.03990487	0.668520528	0	0	0	0	0	0.586359945	0	2.537398545	0	0.437337671	0	0	0	0.018823706	0	0	0	0.760162915	0	0	0	-3.642389734	0	0	0	0	0	0.257853218	0	0.13940743	0	0	0	0	0	0	0	0	0	0	0	0	0	0	0	0	0	00	0	0	0	0	0	0	0	0	0	0	0	0	0	0	0	0	0	0	0	2.266391254	0	0	0	0	0	0	0	1.258677891	0	0	0	-1.130198671	0	0.11383737	0.101762346	0.39534831	-0.649768724	2.646277577	0	2.306966005	0	0.280614522	-1.091100983	0.421747589	2.194092727	0.57750835	0	0.151596294	0	0	0	0.214205155	0	-0.024419061	0	-2.479221117	0	-0.025444158	0	0.54590275	0	0	0	0.444446713	0	0.275351387	0.002067578	0	0	4.235438831	0	2.486883531	0	2.543625211	0	2.030463499	0	1.684404605	0	1.247436228	0	0	0	-0.011066066	0	0	0	-0.676988197	0	0.892147809	0	0	0	3.281375526	0	1.176135255	0	0.481028305	0	0	0	0	0	0	0	0	0	0	0	0	0	0	0	0	00	0	0	0	0	-0.408503618	0	0	0	0	0	0	0	0	0	1.242118007	0	0	0	0	0	0	0	0	0	0	0	0	0	2.321491449	0	0	0	0	0	-0.756979527	0	-0.778709989	0	0.661802251	0	0.664725995	0	0.766135212	0	0.92517912	0	1.054928495	0	0.442513509	0	0	0	0.304412175	0	0.087262815	0	0.981701373	0	0.405546572	0	0.05242871	0	0.576988691	0	0.681291866	0	0.559642569	0	0	0	0	0	0.83945884	0	5.68882443	0	0.709400618	0	0	0	0.621737585	0	0	0	0.4883939	0	0	0	0.276899285	0	0.953225503	0	0	0	-0.326897406	0	0	0	0	0	0	0	0	0	0	0	0	0	0	0	0	0	0	0	00	0	0	0	0	0	0	0	0	0	0	0	0	0	0	0	0	0	0	0	0	0	0	0	0	0	0	0	0	0	0	0	0	0	0	0	1.656059446	0	0	0	0	0	0.528628976	0	-1.468227359	0	0.060310542	0	-1.43682291	0	0.214205155	0	0	0	0.266012493	0	0	0	0	0	0	0	0	0	0	0	1.001901206	0	0	0	0	0	0	0	0	0	0	0	0	0	3.284960644	0	0	0	0.19117897	0	0	0	0.228620504	0	1.23326135	0	-0.124753125	0	0	0	0.340456957	0	1.55617823	0	0	0	0	0	0	0	0	0	0	0	0	0	0	0	0	00	0	0	0	0	0	0	0	0	0	0	0	0	0	0	0	0	0	0	0	0	0	0	0	0	0	0	0	0	0	0	0	0	0	0	0	0	1.009235144	0	0	0	0	0	0.7342332	0	-0.608405006	0	0.471167579	0	-0.81441686	0	0.304412175	0	0	0	0.566616749	0	0	0	0	0	0	0	0	0	0	0	0	0	0	0	0	0	0	0	0	0	0	0	0	0	0	0	0	0	0.893438007	0	0	0	0.913379567	0	1.915620539	0	-2.197390882	0	0	0	0.431110356	0	0.702244765	0	0	0	0	0	0	0	0	0	0	0	0	0	0	0	00	0	0	0	0	0	0	0	0	0	0	0	0	0	0	0	0	0	0	0	0	0	0	0	0	0	0	0	0	0	0	0	0	0	-1.094807256	0	0.11659433	0	0.291250983	0	1.488007684	0	0.384014925	0	0.511044577	0	0.445836796	2.585177098	-1.015961206	0	-0.024419061	0	0.266012493	0	0	0	0	0	0	0	0	0	0	0	0	0	0.549087944	0	0	0	0	0	-2.459039056	0	0	0	-0.399921414	0	0	0	0	0	0.814629033	0	1.20710087	0	1.125237383	0	-0.02858542	0	0.718512394	0	0.85575434	0	0	0	0.768879265	1.787270445	0.275820223	0.83030098	-1.055428974	0	0.592752485	0	0	0	0.892378719	0	0	0	-0.67311673	0.011359445	1.348289797	0	0	00	0	0	0	0	1.120674334	0	0	0	0	0	0	0	0	0	0.519106866	0	0	0	0	0	1.170133315	0	0	0	0	0	0	0	1.240981899	0	0	0	0	1.362537611	-0.949478027	0.067099508	0.907018327	0	0.395887503	0	0.969056911	0.855767381	0.376350854	0	0.029760148	-0.763155946	0.47969076	0	-0.994744653	0	0.087262815	0	0.566616749	0	0	0	0	0.438495208	-1.199960989	0	0	0	0	0	-0.878953347	-0.054282969	0.393894959	0	0	0	0.306921814	0	0.031350163	0	0	0	1.041353396	0	0	0	1.019085762	0	1.631825481	-0.837593544	0.211467308	0	1.991583746	-1.08186697	-0.211516388	0	1.288284064	0	-0.828869193	0	1.590730042	0	1.143180787	0.267260086	-0.601555464	0	-0.291772088	0	-1.040599843	0	0	0	-0.024969204	0	0	0.720521413	1.010843869	1.488064237	0	0	0-0.313617035	0	0	0	0	0	-1.117577664	0	0	0	-1.615389727	0	-0.6499196	0	0	0	-0.120565517	0	0	0	0	0	0	0	0	0	0	0	0.221867988	0	0	0	2.068763471	-0.567142533	0	0	-0.683445417	0	-0.287871509	0	0	0	0	0	0	0	-2.413285141	0	0	0	-2.479221117	0	0	0	0	0	0	-0.027875596	0.224490175	0.073012582	-0.007275964	0	0.26489027	0	0.586960456	0	0.442655021	-0.90174003	-0.193173468	0	1.208064584	0	-0.107363926	0	-0.006720372	0	-0.13174829	0	-0.40963695	0	0.263522695	0	0	0	1.264742218	0	0	0	0	0	0	0	0	0	-0.210576474	0	0.401155027	0	0.34931419	0	0	0	0	0	0	0	0	0	0	0	0	0	0	0	0	00	-0.081152801	0	-1.403513625	0	0	0	-0.325062188	0	0	0	-1.356956872	0	-0.211686708	0	0	0	1.097010614	0	-1.101459155	0	0	0	0	0	0	0	0	0	0.433209812	0	0	1.360304511	2.612990548	0	0	0	-0.946543001	0	0.41048319	0	0.101075368	0	0	0	0	0	-0.856446332	0	0.301955613	0	0.981701373	0	0	0	0	-0.027875596	0	0.018469948	-0.330185115	0.255256866	0.333050961	0	0.689756888	0	0.434877531	0.3933036	-0.5302924	0.865467915	0.2187551	0	2.254013415	0	0.211706533	0	1.189222682	0	-0.006579436	0	-0.646992908	0	0.265430408	0	0	0	-0.254845791	0	0	0	0	0	0	0	0	0	-0.867874343	0	0	0	0.413059256	0	0	0	1.599010982	0	0.992777002	0	0	0	0	0	0	0	0	0	00.493331812	0	0	0	0	0	0	0	0	0	0	0	0	0	0	0	0	0	0	0	0	0	0	0	0	0	0	0	0.543336428	0	0	0	1.03026757	0.157745489	-0.14083849	-0.212817826	-0.559637731	0.515316804	1.335925717	0.483922363	0	0	-0.613351779	0	-2.493004156	1.565215772	2.516858491	0	0.368834201	0.354901835	-0.025444158	0	0	0	0	0.438495208	0.224490175	0.018469948	0	0.940391508	-0.152141601	0	0	0	-0.694083916	0	0.134371169	0.264549025	-1.458831779	-0.705447248	1.203177922	0	-0.094430613	0	1.897360059	0	1.489423947	0	0.045723761	0	-0.96702268	0	0	0	-1.506899755	0	0	0	-0.706252826	0	0	0	0	0	0.354355784	0	1.151460544	0	0	0	0	0	0	0	0	0	0	0	0	0	0	0	0	0	0	00	0	0	0	0	0	0	0	0	0	0	0	0	0	0	0	0	0	0	0	0	0	0	0	0	0	0	0	0	-0.054689552	0	0	0.597651422	1.322919032	0.850041082	-0.864655043	0	0.924450473	0	1.142302308	0	-0.198894803	0	0.616282578	0	0.074416747	0	-1.037606725	1.783246588	-0.223143888	0	0.405546572	0	0	0	-1.199960989	0.073012582	-0.330185115	0.940391508	0	-1.325429548	0.027651049	0	0.289626316	0	0.009274787	1.291408996	0.25000555	-0.24351277	-0.145485336	0	0	0	-0.547526206	0	2.539116951	0	1.533968704	0	0.860248753	0	-2.494111647	0	0	0	-0.497048716	0	0	0	0	0	0	0	0	0	-0.756922771	0	0	0	0	0	0	0	0	0	0	0	0	0	0	0	0	0	0	0	0-0.173818463	0	0	0	0	0	0	0	0	0	-3.097480667	0	0	0	0	0	-0.625576353	0	0	0	0	0	0	0	0	0	0	0	-0.731617418	0	0	0	0	0	0	0	-0.182614495	0	2.2363899	0	0	0	0	0	0	0	-1.028035118	0	-1.150301904	0	0.54590275	0	0	0	0	0	-0.007275964	0.255256866	-0.152141601	-1.325429548	0	0	-0.036152293	0	-0.035310628	0	-2.444141872	-2.002860469	0	0	0.685732277	0	0.196561126	0	0	0	1.023524885	0	0.927174897	0	1.071128716	0	0	0	1.132444711	0	0	0	0	0	0	0	0	0	1.506949682	0	2.400702475	0	0	0	0	0	0	0	0	0	0	0	0	0	0	0	0	0	0	00	1.692661926	0	0	0	0	0	0	0	0	0	0	0	0	0	0	0	-1.96115089	0	0	0	0	0	0	0	0	0	0	0	0.282944277	0	0	0	0	0	0	0	0.169655502	0	1.628479221	0	0	0	0	0	0	0	-0.161784578	0	-0.430487387	0	0.05242871	0	0	0	0	0	0.333050961	0	0.027651049	0	0	0	0.354633813	0	0.116711226	0	0	0	0	0	0	0	1.34559984	0	0	0	0.596358597	0	0	0	-1.439528339	0	0	0	-1.493201668	0	0	0	0	0	0	0	0	0	0.738380419	0	0	0	0	0	0	0	0	0	0	0	0	0	0	0	0	0	0	0	0-0.343395524	0	0	0	0	0	0	0	0	0	1.577706944	0	0	0	0	0	0.087601132	0	0	0	0	0	0	0	0	0	0	0	-1.073727367	0	0	0	0	0	0	0	0	0	0	0	0	0	0	0	0	0	0	0	0	0	0	0	0	0	0	0	0.26489027	0	0	0	-0.036152293	0	0	0	0.271817247	0	0	0	0	0	0	0	0	0	0	0	0	0	0.626976006	0	0.4512527	0	0	0	0.561485263	0	0	0	0	0	0	0	0	0	0	0	0	0	0	0	0	0	0	0	0	0	0	0	0	0	0	0	0	0	0	00	1.13655305	0	0	0	0	0	0	0	0	0	0.410316627	0	0	0	0	0	0.547281472	0	0	0	0	0	0	0	0	0	0	0	0.591358212	0	0	0	0	0	0	0	0.211622172	0	-0.276887805	0	0	0	0	0	0	0	0	0	0	0	0.576988691	0	0	0	0	0	0.689756888	0	0.289626316	0	0.354633813	0	0	0	0.538979579	0	0	0	0	0	0	0	0.899487361	0	0.496376662	0	0.560472572	0	-0.191858801	0	1.097731176	0	0	0	0.969679638	0	0	0	0.468185619	0	0	0	0	0	0	0	0	0	0	0	0	0	0	0	0	0	0	0	0	0	0	0	0	0	0-1.455039134	0	0	0	0	0	0	0	0	0	-0.509273238	0	0	0	0	0	-0.879424456	0	0	0	0	0	0	0	0	0	0	0	0.758143121	0	0	0	0	0	0	0	-0.780790054	0	1.160676942	0	-0.247652811	0	0	0	0	0	-0.33465628	0	-0.303389168	0	0.444446713	0	0	0	0	0	0.586960456	0	-0.694083916	0	-0.035310628	0	0.271817247	0	0	0	0.047035219	0	0	0	0	0	1.729623049	0	0	0	-0.538275772	0	0.174987946	0	-1.15111853	0	0	0	0.154110248	0	0	0	-0.140450441	0	0	0	0	0	1.242118007	0	1.583137908	0	0	0	0	0	0	0	0	0	0	0	0	0	0	0	0	0	0	00	0.92830463	0	0	0	0	0	0	0	0	0	0.516746803	0	0	0	0	0	-1.876133534	0	0	0	0	0	0	0	0	0	0	0	1.132609585	0	0	0	0	0	0	0	-0.883253324	0	0.401132502	0	-1.032581257	0	0	0	0	0	0.435911231	0	0.298468314	0	0.681291866	0	0	0	-0.878953347	0	0.434877531	0	0.009274787	0	0.116711226	0	0.538979579	0	0	0	0.778592284	0	0	0	0	0	1.000858014	0	2.317210464	0	0.126837797	0	0.348132063	0	0.776463077	0	0	0	0.667922042	0	0	0	1.071010979	0	0	0	0	0	0.46532305	0	0	0	0	0	0	0	0	0	0.314423064	0	0	0	0	0	0	0	0	0	00	-0.601190545	0	0	0	0	0	0	0	0	0	0	0	0	0	0	0	0	3.238671211	0.367738214	0	0	0	0	0	0	0	0	-0.558852266	0	3.2297268	0	0.293375302	0.730602141	0.493035058	-0.009555958	0.219537581	0.26902753	1.054632674	0.218176494	0	0	-0.141119579	1.196687187	0.100351649	0.879171049	-0.290811257	0.043009013	0.442702632	-0.03990487	0.275351387	0	1.001901206	0	0.549087944	-0.054282969	0.442655021	0.3933036	0.134371169	1.291408996	-2.444141872	0	0	0	0.047035219	0	0	0.317292133	0.628888678	0.568814723	2.92075964	0	0.57818356	0	0	0	2.548492505	-1.539535313	0	0	0	0	0	0	-0.486328849	0	0	0	-1.394540729	0	0	0	0	0	-0.079120717	0	0.578788417	0	0	0	0	0	0	0	0	0	0	0	0	0	1.058172609	0	0	0	0	00	0	0	0	0	0	0	0	0	0	0	0	0	0	0	0	0	0	0	-0.433767618	0	0	0	0	0	0	0	0	0	-1.255576054	0	2.367978941	1.407461952	0.482866058	0.093990406	0.506711989	0.195847525	0.868900172	0	0.553368157	0	0	0.051269546	0.61057979	0.04327573	0.351852278	0.811096986	0.623935471	0.356290709	0.668520528	0.002067578	0.559642569	0	0	0	0.393894959	-0.90174003	-0.5302924	0.264549025	0.25000555	-2.002860469	0	0	0	0	0.778592284	0.317292133	0	-2.02607733	0.342897036	0	0	0	-0.17040756	0	0	1.046270762	-0.75814542	0	0	0	-0.896062399	0	0	-1.546320289	-1.113157864	0	0	-2.254584799	-2.336087337	0	0	0	0	0	0	0	1.605064734	0	0	0	0	0	0	0	0	0	0	0	0	-0.463511306	0	0	0	0	0-0.195361779	1.087423508	-0.452879188	0.634261232	0	0	-0.957197581	0	0	0	0	0	0	0	0	0	0	0	-0.536977158	0.67538299	0	0	0	0	0	0	0	0	0	0	0	0	0.266829079	-0.410964216	0	0	0.009294964	0	0.590766998	0	0	0	0	0	0	0	0	0	0	0	0	0	0	0	0	0	-0.193173468	0.865467915	-1.458831779	-0.24351277	0	0	0	0	0	0	0.628888678	-2.02607733	0	0.934981627	0.423173668	0	0.661143993	0	0.879402646	0	-0.946587407	0	0	0	0	0	0	0	0	0	0	0	0	0	0	0	0	0	0.457689262	0	0.508368162	0	0	0	0	0	0	0	0	0	0	0	0	0	0	0	0	0	0	00.85708381	-0.067480018	0	-0.866565119	0	0	0	0	0	0	0	0	0	0	0	0	0	0	-0.274370209	0.106492103	0	0	0	0	0	0	0	0	0	0	0	0	1.409418462	0.424883533	0	0	0	0	0	0	0	0	0	0	0	0	0	0	0	0	0	0	0	0	0	0	0	0.2187551	-0.705447248	-0.145485336	0	0	0	0	0	0	0.568814723	0.342897036	0.934981627	0	0	0	0	0	0	0	0	-0.641877224	0	0	0	0	0	0	0	0	0	0	0	0	0	0	0	0	0	0	0	0	0	0	0	0	0	0	0	0	0	0	0	0	0	0	0	0	0	01.756945996	0	0.328971345	0.000828523	0.728748145	0.854607225	0.311565875	0	0.764260071	0	0	0	0.551776148	0	-0.110574442	0	0	0	-0.477560343	0	-0.267591363	0.265068713	0	0	1.358217646	0.484533061	1.605817818	-0.84853419	-0.9206986	0	-0.313221092	-0.69500201	0	0	0	0	2.983481639	0	0	0	0.019448253	0	0	0	0	0	0	0	0	0	4.235438831	0	0	0	0	0	1.208064584	0	1.203177922	0	0.685732277	0	0	0	0	0	2.92075964	0	0.423173668	0	0	-0.146695468	0.222851704	-1.548805993	0.38834102	0	-0.428512051	-0.3837173	0	0	-1.893446209	0	0	0	0.578475335	0	0	0	-0.739242922	0	0	0	0	0	0	0	0	0	0	0	0	0	0	0	2.177508457	0	0	0	0	0	0	0	0	0	0	00	1.430663076	0.331899893	0.490809081	0	0.729578141	0	0.710204073	0	-0.271375926	0	-0.050932227	0	-0.771187315	0	0.008719325	0	0	-0.562368542	0	-0.291035482	0.021276965	0	0	0	1.673852113	0	-0.615414724	0	0.628739222	-1.508295876	0.436771298	0	0	0	0	0	1.743851856	0	-0.414076302	0	0.743106324	0	0	0	0	0	0	0	0	0	0	0	0	0	0.306921814	0	2.254013415	0	0	0	0	0	0	0	0	0	0	0	0	-0.146695468	0	0.736079516	0.566624802	0	0.504249314	-0.797363137	0.031810148	0	0	0	0	0	0	0	0	0	0	0	0.451972013	0	0	0	0	0	0	0	0	0	0	0	0	0	0	0	2.545378928	0	0	1.134688891	1.735659556	0	0	0	0	0	2.1077631870.002606316	0	0.21569014	-0.572786427	0.56321666	0	0.369899408	0	-0.933089077	0	0	0	0.310526562	0	-0.863779167	0	0.365617831	0	-0.541481727	0	0.71669528	-1.287320628	0	0	0.766002882	0	-1.178145731	0	0.134082932	0	-0.383155078	-3.008776453	0	0	0	0	0.22153141	0	0.276528654	0	-0.122911043	0	0	0	0	0	0	0	0	0	2.486883531	0	0	0	-2.459039056	0	-0.107363926	0	-0.094430613	0	0.196561126	0	0	0	1.729623049	0	0.57818356	0	0.661143993	0	0.222851704	0.736079516	0	-1.001575838	-0.226043144	-0.267510009	-0.366369537	0.605507986	0.195075163	0	0.422439985	0	-1.704493549	0	1.8432986	0	0.575019574	0	0.426373283	0	2.128172663	0	0	0	-0.979520855	0	-0.25518735	0	0.236733416	0	4.241693326	0	2.257712031	0	-0.153582622	0	1.47095064	0	-0.335460508	0	0	0	0	0	0	-0.278765670	0.501556455	0.568557095	0.974824765	0	-0.597616899	0.299427743	0.551070148	0	1.027618101	0	0.453708627	0	0.889268524	0	-0.3940044	0	-0.000754185	0.130591251	0	0	0.600062482	0	0	0	0.580022318	0	0.553228639	0	0.767005771	-1.038061174	-0.325788987	0	0	0	0	0.94091635	0.55244319	0	-0.141293701	0	1.081099578	0	2.544554656	0	0	0	-1.749826593	0	0.586359945	0	0.83945884	0	0	0	0.031350163	0	0.211706533	0	-0.547526206	0	1.34559984	0	0.899487361	0	1.000858014	0	-0.17040756	0	0	-1.548805993	0.566624802	-1.001575838	0	-0.466231349	0.217925732	-0.305271599	0.523518709	0	-0.746926654	0	1.461888923	0	0	0	1.955994218	0	1.092463147	0	0.671920601	0	1.702246236	0	0	0	-0.711372619	0	1.011379785	0	-0.191751736	0	0	0	1.794774375	0	-0.439944519	0	0	-0.903608859	-2.211029948	0	0	0	0	0	1.2094319810.52575833	0	1.503982109	0	-1.487534137	0	1.236343372	0	0	0	0	0	-0.360459648	0	0	0	0	0	0.183796262	0	0.284224118	0	0	0	0	0	0	0	0.262734039	0	0	0	0	0	0	0	-0.057505519	0.364166513	0.728905514	0	0.299739639	0	0	0	0	0	0	0	0	0	2.543625211	0	0	0	0	0	-0.006720372	0	1.897360059	0	0	0	0	0	0	0	0	0	0.879402646	0	0.38834102	0	-0.226043144	-0.466231349	0	0.877696184	-0.045949224	1.242118007	0.082765334	0	0	0	0	0	0	0	0	0	0	0	1.754033779	0	0	0	0.354101795	0	-2.797176813	0	0.182772679	0	0	0	3.014401038	0	-0.431606994	0	3.161361406	0	-1.995070127	0	0	0	0	0	-2.084625799	0.4228268810	-0.341203762	0	2.377486538	0	0	0	1.107564779	0	0	0	-0.273185745	0	1.007842857	0	0	0	0	0	0	0	-0.079614474	0	0	0	0	0	0	0	-0.748838066	0	0.323897064	0	0	0	0	0.566437706	0.229628735	0	0.348824426	0	0.110723731	0	0	0	0	0	0	0	2.537398545	0	5.68882443	0	0	0	0	0	1.189222682	0	2.539116951	0	0	0	0.496376662	0	2.317210464	0	0	0	0	0	0.504249314	-0.267510009	0.217925732	0.877696184	0	2.086228129	0.475436081	0	-0.810281065	0	2.234706656	0	0	0	2.957860141	0	0	0	0	0	0	0	0	0	-1.801359088	0	-0.332336392	0	-0.701466784	0	0	0	2.228933842	-1.199539743	-1.59292801	0	0	-0.852102632	-1.694071449	0	0	0	0	0	-0.6711557760.023515126	0	0.976302417	-0.550832076	-0.249710247	0	0.850115343	0	0	0	0	0	0.131112225	0	0	0	0	0	-1.339614741	0	0.672830669	0	0	0	0	0	0	0	-0.331100452	0	-0.218946575	-1.788617807	0.932895624	0	0	-1.144750111	0.188040708	0.729229059	0.698807464	0	0.36152807	0	0	0	0	0	0.215834044	1.031492796	0	0	2.030463499	0	0	0	-0.399921414	0	-0.13174829	0	1.489423947	0	1.023524885	0	0	0	-0.538275772	0	2.548492505	1.046270762	-0.946587407	0	-0