brain-app/	0	0	0	2765	102	0	0	0	0	0	0	0	0	324	152	0	56	0	0	0	0	0	3217	0	0	0	0	0	0	641	0	0	0	0	0	0	0	0	0	0	97	69	0	0	0	357	386	0	0	0	0	379	0	0	0	0	0	0	0	0	0	0	861	0	110	0	0	0	272	0	58	0	0	499	2946	1120	145	0	0	0	382	0	0	0	1124	637	0	0	0	0	0	0	0	0	406	1133	0	0	0	0	0	0	0	454	0	0	0	0	0	0	73	0	0	0	0	0	0	0	0	0	0	0	0	0	0	0	0	0	0	0	0	0	394	0	0	0	0	0	0	0	0	195	0	101	0	169	0	0	0	0	0	0	0	0	0	1455	0	0	0	0	0
0	0	0	0	0	0	0	0	0	0	52	0	0	0	0	0	0	0	1455	95	1828	703	0	0	0	0	0	0	0	0	0	0	0	55	0	0	0	0	0	0	0	2064	0	66	0	0	0	123	0	60	694	0	0	0	0	0	688	229	265	396	216	0	0	0	0	0	0	0	0	0	0	250	0	0	0	185	425	0	0	0	0	0	0	0	0	0	0	0	0	0	0	0	0	0	0	0	0	0	0	0	0	0	0	0	0	0	0	0	0	0	0	0	0	0	0	0	0	0	0	0	0	0	0	0	0	0	0	0	0	0	0	0	0	0	0	0	0	0	0	0	0	0	0	0	0	0	0	0	0	0	0	0	0	0	0	0	0	0	0	0	0	0
0	0	0	73	0	0	77	1201	353	0	0	0	0	0	0	2268	721	56	0	0	0	0	0	0	0	116	235	2235	2319	977	0	0	0	0	0	0	0	0	0	0	0	0	0	0	4604	3363	0	810	0	0	0	0	0	0	0	0	0	0	0	0	0	0	0	0	0	4896	2679	0	126	0	0	0	0	0	1432	376	1732	742	435	0	0	0	0	3918	0	0	0	0	1195	687	0	0	0	0	0	0	1388	0	0	0	0	0	0	0	0	0	137	253	1962	3088	422	0	0	0	0	0	0	0	0	0	0	0	0	0	0	2621	1033	0	0	0	0	0	0	0	0	0	0	0	0	0	0	0	0	0	0	0	5049	856	0	900	0	0	0	0	0	0	803	0	0	0	0	0
0	0	73	0	0	0	0	0	0	0	0	812	0	0	0	323	513	70	0	0	0	0	0	0	0	491	0	457	1624	0	0	0	268	484	0	0	0	0	0	0	223	0	0	0	1330	0	0	276	854	0	0	0	0	0	0	0	0	0	0	0	0	0	0	0	0	0	82	252	112	0	0	0	0	158	59	76	548	320	142	0	0	0	0	0	0	0	0	0	0	0	0	0	0	0	0	0	0	0	0	0	0	0	0	0	0	0	0	0	0	71	0	0	0	0	0	0	0	0	0	0	0	0	0	0	0	0	0	0	0	0	0	0	0	0	0	0	0	0	0	0	0	0	0	0	0	0	0	0	0	0	0	0	0	0	0	0	0	0	0	0	0	0
2765	0	0	0	0	437	148	97	0	0	0	0	0	0	169	1995	0	0	0	0	0	0	0	468	0	0	0	0	0	54	133	0	0	0	0	0	0	0	0	0	0	73	0	0	0	0	149	259	0	0	0	0	1266	0	0	0	0	0	0	0	0	0	0	0	0	160	0	0	0	645	0	0	0	0	644	1897	723	100	0	0	0	209	0	0	0	771	396	0	0	0	0	0	0	0	0	430	861	0	0	0	0	0	0	0	315	0	0	0	0	0	0	0	0	0	0	0	0	0	0	0	0	0	0	0	0	0	0	0	0	0	0	0	0	424	0	0	0	0	0	0	0	0	181	0	0	0	165	0	0	0	0	0	0	0	0	0	893	0	0	0	0	0
102	0	0	0	437	0	3194	1944	1164	238	0	0	0	0	0	6600	0	0	0	0	0	0	167	150	0	0	0	0	0	392	544	694	0	0	0	0	0	0	0	0	0	0	0	96	0	435	0	472	0	0	0	0	0	0	0	0	0	0	0	0	0	0	350	0	0	2301	0	0	0	1072	764	0	0	0	625	2372	1273	0	209	0	545	142	0	0	0	385	431	59	0	0	0	0	0	0	0	603	752	0	0	0	0	0	0	0	229	0	0	0	0	0	0	0	0	0	0	0	0	0	0	0	0	0	0	0	0	0	0	0	0	0	0	0	0	401	0	0	0	0	0	0	0	0	0	63	0	0	523	0	0	0	0	0	0	0	0	0	1221	0	0	0	0	0
0	0	77	0	148	3194	0	4176	1861	299	0	386	0	0	0	4902	0	0	0	0	0	0	184	0	0	0	0	0	0	878	167	345	0	0	0	0	0	0	0	0	0	0	0	105	0	1292	0	0	0	0	0	0	0	0	0	0	0	0	0	0	0	0	127	0	0	3288	0	210	0	114	1463	0	0	0	236	433	411	0	217	0	274	0	0	0	0	0	0	250	84	0	0	0	0	0	0	647	1176	0	0	0	0	0	0	0	0	0	0	0	0	0	0	0	0	0	0	0	0	0	0	0	0	0	0	0	0	0	0	0	0	0	0	0	95	0	372	0	0	0	0	0	0	0	0	0	0	0	1139	0	281	0	0	0	0	0	0	0	568	0	0	0	0	0
0	0	1201	0	97	1944	4176	0	2053	138	0	0	0	0	0	2057	0	0	0	0	0	0	59	0	0	0	0	0	160	1187	162	279	0	0	0	0	0	0	0	0	0	0	0	0	198	2566	0	0	0	0	0	0	0	0	0	0	0	0	0	0	0	0	125	0	0	3256	0	0	0	111	1295	0	0	0	73	204	103	0	78	0	227	0	0	431	0	0	0	0	668	0	0	0	0	0	0	0	913	0	0	0	0	0	0	0	0	0	0	0	74	512	0	0	0	0	0	0	0	0	0	0	0	0	0	0	0	185	126	0	0	0	0	0	0	0	0	0	0	0	0	0	0	0	0	0	0	0	1344	0	0	253	0	0	0	0	0	0	116	0	0	0	0	0
0	0	353	0	0	1164	1861	2053	0	660	0	0	0	0	0	232	0	0	0	0	0	0	230	0	0	0	369	0	0	1745	123	198	0	0	0	0	0	0	0	0	0	0	0	237	0	1072	0	0	0	0	0	0	0	0	0	0	0	0	0	0	0	0	105	0	69	3780	0	0	0	84	2330	0	0	0	66	133	153	0	276	0	143	0	0	183	0	0	0	0	0	858	0	0	0	0	0	0	0	0	0	0	0	0	0	0	0	0	0	266	0	0	703	0	0	0	0	0	0	0	0	0	0	0	0	0	0	0	269	0	0	0	0	0	0	0	0	0	0	0	0	0	0	0	0	0	0	0	1711	105	0	0	0	324	0	0	0	0	0	0	0	0	0	0
0	0	0	0	0	238	299	138	660	0	1152	0	0	0	0	56	0	0	0	755	0	355	1083	0	0	0	0	0	0	652	0	0	0	0	0	0	0	0	0	0	0	169	0	1514	0	0	0	0	0	0	0	0	0	0	0	77	0	142	0	0	230	0	0	0	1701	3863	0	0	0	0	308	0	0	0	202	0	107	0	1270	0	0	0	0	0	0	0	0	0	0	0	0	848	0	0	0	0	0	0	0	0	714	0	62	0	0	0	0	0	0	0	171	0	0	0	0	0	0	0	0	0	0	0	0	0	1130	0	0	0	0	0	0	0	0	0	0	0	0	0	79	0	0	0	0	0	0	1474	2626	0	0	0	0	0	0	0	0	0	0	0	0	59	0	0
0	52	0	0	0	0	0	0	0	1152	0	0	0	0	0	72	0	0	99	7046	346	1895	101	0	0	0	549	0	0	3272	0	0	0	124	0	0	0	0	0	0	0	2206	57	4145	0	0	0	370	0	62	0	0	0	0	0	0	97	1252	0	0	269	0	0	0	7945	910	0	0	0	0	0	0	66	0	450	182	851	0	262	0	0	0	0	0	0	0	0	0	0	0	0	1711	0	0	0	0	0	0	0	73	1245	0	163	0	0	0	0	304	0	0	500	0	0	0	0	0	0	0	0	0	0	0	256	0	1931	0	0	0	0	0	0	0	0	0	0	0	187	0	104	0	0	0	0	0	0	1570	1582	0	0	0	0	0	0	0	0	0	0	0	0	251	0	0
0	0	0	812	0	0	386	0	0	0	0	0	0	747	389	6739	0	248	0	0	0	0	0	0	0	155	0	0	1324	0	0	0	108	153	57	0	0	0	0	1162	0	0	0	0	0	0	0	60	3983	0	0	2110	0	2178	0	0	0	0	0	0	0	0	0	0	0	0	123	3322	0	0	0	51	0	0	0	374	150	0	0	0	0	0	0	0	0	0	0	0	0	0	0	0	0	0	0	144	87	0	0	0	0	0	0	0	0	0	0	0	0	0	0	0	0	0	0	0	0	0	0	0	0	0	0	0	0	0	0	0	0	0	0	0	73	0	0	0	0	0	0	0	0	0	0	0	0	0	0	0	0	0	0	0	0	0	0	0	239	0	0	0	0	0
0	0	0	0	0	0	0	0	0	0	0	0	0	148	0	0	0	0	0	0	0	0	0	343	0	0	0	0	0	0	0	0	0	181	89	0	0	0	729	0	0	0	0	0	0	0	269	58	221	0	0	0	0	0	0	0	0	0	0	0	0	460	0	0	0	0	0	0	0	0	0	0	0	0	93	206	85	0	0	0	0	0	0	0	0	0	0	0	0	0	0	0	0	0	0	0	0	0	0	0	0	0	0	0	0	0	0	0	0	0	0	0	0	0	0	0	0	0	0	0	0	0	0	0	0	0	0	0	0	0	0	0	0	0	0	0	0	0	0	0	0	0	0	0	0	0	0	0	0	0	0	0	0	0	0	0	64	0	0	0	0	0
0	0	0	0	0	0	0	0	0	0	0	747	148	0	658	355	0	0	0	0	0	0	0	0	0	0	0	0	0	0	0	0	0	76	0	85	420	75	321	558	104	0	0	0	0	0	0	0	382	0	0	2731	0	140	0	0	0	0	0	0	0	1361	0	0	0	0	0	0	0	0	0	361	105	0	0	992	0	0	0	0	0	0	0	0	0	0	0	0	0	0	0	0	0	0	122	383	125	0	0	0	0	0	0	0	0	0	0	0	0	0	0	0	0	0	0	0	0	0	0	0	0	0	0	0	0	0	0	0	0	0	0	0	227	236	71	0	0	0	0	0	0	0	0	0	0	0	0	0	0	0	0	0	0	0	0	0	739	0	0	0	0	0
324	0	0	0	169	0	0	0	0	0	0	389	0	658	0	1992	270	205	66	69	0	0	0	550	501	1051	590	122	1591	0	0	0	0	77	0	0	1076	255	0	0	158	0	76	0	419	0	0	563	197	259	0	6096	6132	7068	0	957	0	75	155	58	0	1329	0	0	0	193	1283	2495	2032	0	0	1133	528	0	593	12041	1357	122	0	0	0	84	0	0	0	207	525	456	0	0	0	0	740	69	1411	8270	4757	0	0	0	0	0	0	0	128	0	0	0	0	310	0	0	0	0	0	0	0	0	0	0	300	0	0	0	0	0	0	0	0	171	0	0	3880	2751	2642	0	0	0	0	0	0	0	141	0	0	0	513	0	853	53	0	0	0	0	0	86	12952	0	0	0	0	0
152	0	2268	323	1995	6600	4902	2057	232	56	72	6739	0	355	1992	0	1582	1236	194	236	0	84	0	129	69	0	306	238	3324	377	168	0	0	66	61	0	0	0	0	418	376	346	126	72	269	378	145	2558	2719	0	0	801	1001	8578	0	88	275	207	0	0	0	235	58	0	84	4610	164	2859	2522	677	197	0	122	0	6684	6780	8886	1334	478	174	0	172	0	144	265	539	648	875	1135	0	0	0	563	0	318	5091	7560	0	0	0	0	0	0	0	299	0	0	0	117	2839	0	0	0	0	0	0	0	0	0	0	0	0	0	0	0	134	0	0	0	0	0	0	1225	1095	1910	0	0	0	0	0	0	0	218	0	0	0	5264	0	1642	2052	0	0	0	0	0	270	6248	181	0	0	0	0
0	0	721	513	0	0	0	0	0	0	0	0	0	0	270	1582	0	2545	205	317	0	0	413	113	74	258	1074	2045	1080	287	0	0	121	192	1088	131	0	0	0	0	1900	237	935	0	1484	0	578	9699	2477	0	0	0	0	391	0	146	232	264	0	0	0	0	169	0	0	174	1409	0	125	0	0	0	116	0	0	567	6113	0	0	54	0	0	0	0	0	0	0	0	0	0	0	0	0	0	0	0	0	0	0	0	0	0	0	0	0	0	0	0	0	0	0	0	0	0	0	0	0	0	0	0	0	0	0	0	0	0	0	0	0	0	0	0	0	0	0	0	0	0	0	0	0	0	0	0	0	0	0	0	0	0	0	0	0	0	0	0	0	0	0	0	0	0
56	0	56	70	0	0	0	0	0	0	0	248	0	0	205	1236	2545	0	54	74	0	62	973	491	0	62	124	142	120	0	318	222	0	173	591	0	0	0	0	0	292	97	555	0	101	0	760	2311	2059	0	0	0	0	347	0	0	80	61	0	0	0	0	689	80	0	74	123	0	0	0	0	0	68	0	0	531	2897	0	0	59	489	0	0	0	0	0	0	0	0	0	0	0	0	0	0	0	0	0	0	0	0	0	0	0	0	0	0	0	0	0	0	0	0	0	0	0	0	0	0	0	0	0	0	0	0	0	0	0	0	0	0	0	0	0	0	0	0	0	0	0	0	0	0	0	0	0	0	0	0	0	0	0	0	0	0	0	0	0	0	0	0	0
0	1455	0	0	0	0	0	0	0	0	99	0	0	0	66	194	205	54	0	1875	1541	0	67	0	1707	0	250	0	0	0	0	0	0	189	0	0	245	490	0	0	0	1400	85	55	0	0	0	754	0	160	0	0	0	57	0	651	3210	3878	2188	589	112	0	0	0	365	0	0	0	0	0	0	1061	2296	0	199	356	1415	0	104	0	0	0	0	0	0	0	0	0	0	0	0	52	0	0	0	0	0	0	0	0	56	0	0	0	0	0	0	0	0	0	0	0	0	0	0	0	0	0	0	0	0	0	0	0	0	0	0	0	0	0	0	0	0	0	0	0	0	0	0	0	0	0	0	0	0	75	79	0	0	0	0	0	0	0	0	0	0	0	0	0	0	0
0	95	0	0	0	0	0	0	0	755	7046	0	0	0	69	236	317	74	1875	0	831	111	192	0	798	0	974	0	0	3204	0	0	228	319	78	0	54	59	0	0	0	1175	103	527	0	0	0	1119	0	133	0	0	0	0	0	3290	297	7674	604	0	161	0	0	0	5305	539	0	0	0	0	0	617	449	213	763	415	2104	159	349	64	0	0	0	0	0	0	0	0	0	0	0	1201	0	0	0	0	0	0	0	80	945	0	84	0	0	85	0	240	0	0	506	0	0	0	0	0	0	0	0	0	0	0	214	0	1412	0	0	0	0	0	0	0	0	0	0	0	163	0	113	0	0	0	0	0	0	1181	1239	0	0	0	0	0	0	0	0	0	0	0	0	164	0	0
0	1828	0	0	0	0	0	0	0	0	346	0	0	0	0	0	0	0	1541	831	0	1448	406	0	0	0	0	0	0	0	0	0	0	0	0	0	564	0	0	0	0	354	0	195	0	0	0	0	0	829	1296	0	0	0	0	0	532	1109	158	2333	1726	0	0	0	325	0	0	0	0	0	0	1095	0	0	0	0	0	0	97	0	0	0	0	0	0	0	0	0	0	0	0	0	0	0	0	0	0	0	0	0	0	0	0	0	0	0	0	0	0	0	0	0	0	0	0	0	0	0	0	0	0	0	0	0	0	0	0	0	0	0	0	0	0	0	0	0	0	0	0	0	0	0	0	0	0	0	0	0	0	0	0	0	0	0	0	0	0	0	0	0	0	0
0	703	0	0	0	0	0	0	0	355	1895	0	0	0	0	84	0	62	0	111	1448	0	519	57	0	0	0	0	0	822	111	0	0	181	0	0	124	135	0	0	0	2605	358	5923	0	0	0	198	0	381	592	0	0	0	0	0	0	0	0	184	2069	0	50	0	769	129	0	0	0	0	0	187	84	0	483	848	2001	0	314	123	145	0	0	0	0	0	0	0	0	0	0	231	0	0	0	0	0	0	0	0	155	0	279	0	0	0	0	0	0	0	0	0	0	0	0	0	0	0	0	0	0	0	73	0	428	0	0	0	0	0	0	0	0	0	0	0	0	0	0	0	0	0	0	0	0	211	154	0	0	0	0	0	0	0	0	0	0	0	0	176	0	0
0	0	0	0	0	167	184	59	230	1083	101	0	0	0	0	0	413	973	67	192	406	519	0	228	0	0	158	107	0	217	243	156	0	157	1549	0	62	0	0	0	0	124	1689	876	94	0	0	421	0	314	0	0	0	0	0	67	0	142	58	0	1358	0	385	0	195	721	0	0	0	122	204	73	0	0	159	714	1783	116	3630	1003	495	0	0	0	0	0	0	0	0	0	0	0	0	0	0	0	0	0	0	0	0	0	0	0	0	0	0	0	0	0	0	0	0	0	0	0	0	0	0	0	0	0	0	0	0	0	0	0	0	0	0	0	0	0	0	0	0	0	0	0	0	0	0	0	0	0	0	0	0	0	0	0	0	0	0	0	0	0	0	0	0	0
3217	0	0	0	468	150	0	0	0	0	0	0	343	0	550	129	113	491	0	0	0	57	228	0	0	0	0	0	0	0	2000	152	0	332	777	0	92	0	96	0	54	86	397	0	0	0	1916	751	0	0	0	0	0	0	0	0	0	0	0	0	0	966	1643	2255	0	55	0	0	0	377	0	92	56	0	452	3335	1730	124	92	90	133	269	0	0	0	656	409	0	0	0	0	0	0	0	0	261	637	0	0	0	0	0	0	0	390	0	0	0	0	0	0	88	0	0	0	0	0	0	0	0	0	0	0	0	0	0	0	0	0	0	0	0	0	183	0	0	0	0	0	0	0	0	137	68	99	0	93	0	0	0	0	0	0	0	0	0	1382	0	0	0	0	88
0	0	0	0	0	0	0	0	0	0	0	0	0	0	501	69	74	0	1707	798	0	0	0	0	0	3370	3742	0	0	584	0	0	0	313	0	270	1337	1630	0	0	174	0	116	0	116	0	0	266	0	391	0	145	0	137	2960	8417	0	518	1235	169	0	0	0	0	0	54	233	155	109	0	0	2373	6238	0	0	100	364	0	0	0	0	0	0	0	0	0	0	0	0	0	0	0	0	0	0	0	0	0	0	0	0	0	0	0	0	0	0	0	0	0	0	0	0	0	0	0	0	0	0	0	0	0	0	0	0	0	0	0	0	0	0	0	0	0	0	0	0	0	0	0	0	0	0	0	0	0	68	0	0	0	0	0	0	0	0	0	0	0	0	0	0	0
0	0	116	491	0	0	0	0	0	0	0	155	0	0	1051	0	258	62	0	0	0	0	0	0	3370	0	1427	715	59	107	0	0	132	1696	0	3561	189	723	0	0	3581	0	0	0	423	0	0	530	480	0	0	0	0	0	2153	3339	0	0	0	0	0	0	0	0	0	184	4655	620	0	0	0	400	1420	369	108	102	540	73	0	0	0	0	0	588	0	0	0	0	0	0	0	0	0	0	0	0	0	0	0	0	0	0	0	0	0	0	345	627	1415	0	256	0	0	0	0	0	72	0	0	0	0	0	0	0	0	553	309	0	0	0	0	0	0	0	0	0	148	0	0	0	0	0	0	0	0	0	488	1339	0	0	0	0	0	0	0	0	0	0	0	0	0	0
0	0	235	0	0	0	0	0	369	0	549	0	0	0	590	306	1074	124	250	974	0	0	158	0	3742	1427	0	89	0	6262	0	0	117	56	59	0	147	82	0	0	1174	0	66	0	413	149	0	1621	100	0	0	0	0	166	0	8436	0	188	0	0	0	0	0	0	2262	1511	5699	0	209	0	80	0	923	0	744	497	2486	620	503	0	0	0	0	562	0	0	0	0	0	295	0	0	0	0	0	0	0	0	0	0	0	0	0	0	0	0	516	1841	800	0	1742	0	0	0	142	0	243	0	63	0	0	196	0	0	88	0	731	0	0	0	0	0	0	0	0	78	524	0	0	0	0	0	0	0	0	57	1841	1440	0	0	0	807	0	77	0	77	0	51	0	127	0	0
0	0	2235	457	0	0	0	0	0	0	0	0	0	0	122	238	2045	142	0	0	0	0	107	0	0	715	89	0	5187	0	0	0	0	0	158	0	0	0	0	0	280	0	141	0	11346	0	0	2042	693	0	0	0	0	0	0	0	0	0	0	0	0	0	0	0	0	1016	8326	178	91	0	0	0	0	0	1679	903	3125	1385	762	83	0	0	0	1902	0	0	0	0	201	0	0	0	0	0	0	0	781	0	0	0	0	0	0	0	0	0	163	179	2244	2556	257	0	0	0	0	0	0	0	0	0	0	0	0	0	0	2273	676	0	0	0	0	0	0	0	0	0	0	0	0	0	0	0	0	0	0	0	2133	882	0	548	0	0	0	0	0	0	814	0	0	0	0	0
0	0	2319	1624	0	0	0	160	0	0	0	1324	0	0	1591	3324	1080	120	0	0	0	0	0	0	0	59	0	5187	0	0	0	0	0	0	78	0	0	0	0	0	0	0	0	0	14434	0	0	980	417	0	0	197	0	1315	0	0	0	0	0	0	0	0	0	0	0	1053	139	5073	9297	0	0	0	0	0	2089	2195	3563	2304	978	192	0	0	0	823	387	0	0	200	941	0	0	0	536	0	0	2879	3772	0	0	0	0	0	0	0	0	0	0	0	958	8027	0	0	0	0	0	0	0	0	0	0	0	0	0	0	0	1312	198	0	0	0	0	0	0	0	744	0	0	0	0	0	0	0	0	0	0	0	2609	0	1852	4391	0	0	0	0	0	0	5952	0	0	0	0	0
0	0	977	0	54	392	878	1187	1745	652	3272	0	0	0	0	377	287	0	0	3204	0	822	217	0	584	107	6262	0	0	0	0	55	0	169	0	0	0	0	0	0	414	0	142	819	0	2914	0	647	0	0	0	0	0	59	0	1968	0	684	0	0	123	0	0	0	9614	3489	557	0	0	0	3206	0	255	0	827	585	2008	433	463	54	79	0	0	558	0	0	0	0	0	755	0	551	0	0	0	0	0	0	0	0	232	0	0	0	0	65	279	1463	739	0	3946	0	0	0	109	0	0	0	0	0	0	0	0	0	390	193	557	0	0	0	0	0	0	0	0	0	461	0	0	0	0	0	0	0	0	1052	3297	1030	0	0	0	1747	0	91	0	98	0	78	0	83	0	0
641	0	0	0	133	544	167	162	123	0	0	0	0	0	0	168	0	318	0	0	0	111	243	2000	0	0	0	0	0	0	0	820	0	0	281	0	0	0	0	0	0	110	256	51	0	0	0	541	0	0	0	0	0	0	0	0	0	0	0	0	0	0	2718	794	0	490	0	0	0	3632	81	0	0	0	82	4022	1620	0	69	95	909	451	0	0	0	494	701	0	0	0	0	0	0	0	0	0	677	0	0	0	0	0	0	0	590	0	0	0	0	0	0	329	0	0	0	0	0	0	0	0	0	0	0	0	0	0	0	0	0	0	0	0	0	0	0	0	0	0	0	0	0	0	0	265	238	0	358	0	0	0	112	0	0	0	0	0	1986	0	0	0	0	410
0	0	0	0	0	694	345	279	198	0	0	0	0	0	0	0	0	222	0	0	0	0	156	152	0	0	0	0	0	55	820	0	0	0	0	0	0	0	0	0	0	0	78	0	0	0	0	0	0	0	0	0	0	0	0	0	0	0	0	0	0	0	826	0	0	746	0	0	0	501	104	0	0	0	0	526	691	0	119	171	1526	0	0	0	0	0	0	0	0	0	0	0	0	0	0	0	0	0	0	0	0	0	0	0	0	0	0	0	0	0	0	0	0	0	0	0	0	0	0	0	0	0	0	0	0	0	0	0	0	0	0	0	0	0	0	0	0	0	0	0	0	0	0	0	0	0	0	0	0	0	0	0	0	0	0	0	0	0	0	0	0	0
0	0	0	268	0	0	0	0	0	0	0	108	0	0	0	0	121	0	0	228	0	0	0	0	0	132	117	0	0	0	0	0	0	957	448	220	0	0	0	0	1321	0	0	0	0	0	0	820	78	0	0	0	0	0	0	96	0	0	0	0	0	0	0	0	0	0	0	0	0	0	0	0	0	1331	0	0	0	0	0	0	0	0	0	0	0	0	0	0	0	0	0	0	0	0	0	0	0	0	0	0	0	0	0	0	0	0	0	0	0	0	0	0	0	0	0	0	0	0	0	0	0	0	0	0	0	0	0	0	0	0	0	0	0	0	0	0	0	0	0	0	0	0	0	0	0	0	0	0	0	0	0	0	0	0	0	0	0	0	0	0	0	0
0	55	0	484	0	0	0	0	0	0	124	153	181	76	77	66	192	173	189	319	0	181	157	332	313	1696	56	0	0	169	0	0	957	0	1470	4010	0	1756	132	0	2931	290	2014	84	0	0	284	2068	381	0	0	187	0	0	190	130	190	248	83	0	0	0	0	0	144	119	0	0	0	0	0	174	4112	2450	650	269	1351	0	318	0	0	0	0	0	0	0	0	0	0	0	0	0	0	0	0	0	0	0	0	0	0	0	0	0	0	0	0	227	0	0	153	0	0	0	0	0	0	0	0	0	0	0	0	0	0	0	0	0	0	0	0	0	0	0	0	0	0	0	0	0	0	0	0	0	0	0	84	0	0	0	0	0	0	0	0	0	0	0	0	0	0	0
0	0	0	0	0	0	0	0	0	0	0	57	89	0	0	61	1088	591	0	78	0	0	1549	777	0	0	59	158	78	0	281	0	448	1470	0	0	0	0	0	0	166	0	3987	0	102	0	447	2821	150	0	0	0	0	0	0	0	0	58	0	0	0	0	275	164	0	0	119	0	0	0	0	0	114	0	281	368	1518	0	372	961	100	0	0	0	0	0	0	0	0	0	0	0	0	0	0	0	0	0	0	0	0	0	0	0	0	0	0	0	0	0	0	0	0	0	0	0	0	0	0	0	0	0	0	0	0	0	0	0	0	0	0	0	0	0	0	0	0	0	0	0	0	0	0	0	0	0	0	0	0	0	0	0	0	0	0	0	0	0	0	0	0	0
0	0	0	0	0	0	0	0	0	0	0	0	0	85	0	0	131	0	0	0	0	0	0	0	270	3561	0	0	0	0	0	0	220	4010	0	0	0	280	0	0	3665	0	0	0	0	0	0	516	300	0	0	278	0	0	269	0	0	0	0	0	0	0	0	0	0	0	0	0	0	0	0	66	1179	1544	0	0	333	0	0	0	0	0	0	0	0	0	0	0	0	0	0	0	0	0	0	0	0	0	0	0	0	0	0	0	0	0	0	131	0	0	0	0	0	0	0	0	0	0	0	0	0	0	0	0	0	0	0	0	0	0	0	0	0	0	0	0	0	0	0	0	0	0	0	0	0	0	0	204	0	0	0	0	0	0	0	0	0	0	0	0	0	0
0	0	0	0	0	0	0	0	0	0	0	0	0	420	1076	0	0	0	245	54	564	124	62	92	1337	189	147	0	0	0	0	0	0	0	0	0	0	995	0	0	0	75	558	0	0	0	0	0	140	2861	0	1016	0	0	176	389	52	51	1241	1099	210	0	0	0	0	0	0	238	0	0	0	7493	1719	0	0	0	122	0	0	0	0	0	0	0	0	0	0	0	0	0	0	0	0	0	0	0	0	0	0	0	0	0	0	0	0	0	0	0	0	0	0	0	0	0	0	0	0	0	0	0	0	0	0	0	0	0	0	0	0	0	0	0	0	0	0	0	0	0	0	0	0	0	0	0	0	0	0	0	0	0	0	0	0	0	0	0	0	0	0	0	0	0
0	0	0	0	0	0	0	0	0	0	0	0	0	75	255	0	0	0	490	59	0	135	0	0	1630	723	82	0	0	0	0	0	0	1756	0	280	995	0	0	0	256	114	96	50	0	0	0	312	59	68	0	261	0	0	478	290	62	56	953	0	0	0	0	0	0	0	0	67	0	0	0	2850	6123	0	305	124	438	0	50	0	0	0	0	0	0	0	0	0	0	0	0	0	0	0	0	0	0	0	0	0	0	0	0	0	0	0	0	0	0	0	0	0	0	0	0	0	0	0	0	0	0	0	0	0	0	0	0	0	0	0	0	0	0	0	0	0	0	0	0	0	0	0	0	0	0	0	0	0	0	0	0	0	0	0	0	0	0	0	0	0	0	0
0	0	0	0	0	0	0	0	0	0	0	0	729	321	0	0	0	0	0	0	0	0	0	96	0	0	0	0	0	0	0	0	0	132	0	0	0	0	0	0	91	0	0	0	0	0	125	0	375	0	0	0	0	0	0	0	0	0	0	0	0	0	0	0	0	0	0	0	0	0	0	0	0	0	55	89	79	0	0	0	0	0	0	0	0	0	0	0	0	0	0	0	0	0	0	0	0	0	0	0	0	0	0	0	0	0	0	0	0	0	0	0	0	0	0	0	0	0	0	0	0	0	0	0	0	0	0	0	0	0	0	0	0	0	0	0	0	0	0	0	0	0	0	0	0	0	0	0	0	0	0	0	0	0	0	0	0	0	0	0	0	0
0	0	0	0	0	0	0	0	0	0	0	1162	0	558	0	418	0	0	0	0	0	0	0	0	0	0	0	0	0	0	0	0	0	0	0	0	0	0	0	0	0	0	0	0	0	0	0	0	293	0	0	0	0	0	0	0	0	0	0	0	0	0	0	0	0	0	0	0	0	0	0	0	0	0	0	73	0	0	0	0	0	0	0	0	0	0	0	0	0	0	0	0	0	0	0	0	0	0	0	0	0	0	0	0	0	0	0	0	0	0	0	0	0	0	0	0	0	0	0	0	0	0	0	0	0	0	0	0	0	0	0	0	0	0	0	0	0	0	0	0	0	0	0	0	0	0	0	0	0	0	0	0	0	0	0	0	0	0	0	0	0	0
0	0	0	223	0	0	0	0	0	0	0	0	0	104	158	376	1900	292	0	0	0	0	0	54	174	3581	1174	280	0	414	0	0	1321	2931	166	3665	0	256	91	0	0	0	146	0	0	0	225	3368	876	0	0	339	0	0	0	347	0	0	0	0	0	0	0	0	0	0	574	0	0	0	0	154	1080	2208	0	367	2307	0	0	0	0	0	0	0	0	0	0	0	0	0	0	0	0	0	0	0	0	0	0	0	0	0	0	0	0	0	0	310	0	0	235	0	0	0	0	0	0	0	0	0	0	0	0	0	0	0	0	0	0	0	0	0	0	0	0	0	0	0	0	0	0	0	0	0	0	0	0	294	0	0	0	0	0	0	0	0	0	0	0	0	0	0
97	2064	0	0	73	0	0	0	0	169	2206	0	0	0	0	346	237	97	1400	1175	354	2605	124	86	0	0	0	0	0	0	110	0	0	290	0	0	75	114	0	0	0	0	167	3099	0	0	118	1155	60	65	242	0	0	0	0	0	3237	185	0	0	109	0	0	0	214	168	0	0	0	0	0	121	290	0	833	1038	3174	0	185	99	71	0	0	0	0	0	0	0	0	0	0	548	0	0	0	0	0	0	0	0	485	0	0	0	0	0	0	504	0	0	702	0	0	0	0	0	0	0	0	0	0	0	174	0	920	0	0	0	0	0	0	0	0	0	0	0	305	0	0	0	0	0	0	0	0	609	375	0	0	0	0	0	0	0	0	0	0	0	0	187	0	0
69	0	0	0	0	0	0	0	0	0	57	0	0	0	76	126	935	555	85	103	0	358	1689	397	116	0	66	141	0	142	256	78	0	2014	3987	0	558	96	0	0	146	167	0	191	0	0	211	2028	126	594	0	57	0	0	0	57	67	89	140	57	401	0	260	96	54	81	0	0	0	0	0	971	327	0	1598	791	2558	0	2565	1071	187	0	0	0	0	0	0	0	0	0	0	0	0	0	0	0	0	0	0	0	0	0	0	0	0	0	0	105	0	0	98	0	0	0	0	0	0	0	0	0	0	0	0	0	0	0	0	0	0	0	0	0	0	0	0	0	0	0	0	0	0	0	0	0	0	0	0	0	0	0	0	0	0	0	0	0	0	0	0	0	0	0
0	66	0	0	0	96	105	0	237	1514	4145	0	0	0	0	72	0	0	55	527	195	5923	876	0	0	0	0	0	0	819	51	0	0	84	0	0	0	50	0	0	0	3099	191	0	0	0	0	126	0	165	0	0	0	0	0	0	0	0	0	0	1128	0	0	0	1359	1126	0	0	0	0	122	66	0	0	527	429	983	0	1131	62	70	0	0	0	0	0	0	0	0	0	0	882	0	0	0	0	0	0	0	0	620	0	267	0	0	0	0	475	0	0	465	0	0	0	0	0	0	0	0	0	0	0	200	0	1447	0	0	0	0	0	0	0	0	0	0	0	0	0	0	0	0	0	0	0	0	913	850	0	0	0	0	0	0	0	0	119	0	0	0	435	0	0
0	0	4604	1330	0	0	0	198	0	0	0	0	0	0	419	269	1484	101	0	0	0	0	94	0	116	423	413	11346	14434	0	0	0	0	0	102	0	0	0	0	0	0	0	0	0	0	0	0	1441	471	0	0	0	0	0	0	389	0	0	0	0	0	0	0	0	0	1327	1187	568	316	0	0	0	0	0	2258	1143	3674	2067	1071	151	0	0	0	1893	0	0	0	0	512	0	0	0	0	0	0	0	1533	0	0	0	0	0	0	0	0	0	0	0	1163	4336	0	0	0	0	0	0	0	0	0	0	0	0	0	0	0	1973	422	0	0	0	0	0	0	0	0	0	0	0	0	0	0	0	0	0	0	0	2070	97	0	1612	0	0	0	0	0	0	1856	0	0	0	0	0
0	0	3363	0	0	435	1292	2566	1072	0	0	0	0	0	0	378	0	0	0	0	0	0	0	0	0	0	149	0	0	2914	0	0	0	0	0	0	0	0	0	0	0	0	0	0	0	0	0	0	0	0	0	0	0	0	0	0	0	0	0	0	0	0	0	0	0	2679	160	0	0	0	1555	0	0	0	137	87	210	0	0	0	0	0	0	1190	0	0	0	0	326	469	0	0	0	0	0	0	80	0	0	0	0	0	0	0	0	0	106	392	934	367	456	0	0	0	0	0	0	0	0	0	0	0	0	0	0	757	518	0	0	0	0	0	0	0	0	0	0	0	0	0	0	0	0	0	0	0	2159	718	0	0	0	156	0	0	0	0	0	0	0	0	0	0
357	0	0	0	149	0	0	0	0	0	0	0	269	0	0	145	578	760	0	0	0	0	0	1916	0	0	0	0	0	0	0	0	0	284	447	0	0	0	125	0	225	118	211	0	0	0	0	1379	302	0	0	0	0	0	0	0	0	0	0	0	0	0	95	457	0	0	0	0	0	0	0	0	0	0	0	335	1350	0	0	0	0	0	0	0	0	0	0	0	0	0	0	0	0	0	0	0	0	0	0	0	0	0	0	0	0	0	0	0	0	0	0	0	0	0	0	0	0	0	0	0	0	0	0	0	0	0	0	0	0	0	0	0	0	0	0	0	0	0	0	0	0	0	0	0	0	0	0	0	0	0	0	0	0	0	0	0	0	0	0	0	0	0
386	123	810	276	259	472	0	0	0	0	370	60	58	0	563	2558	9699	2311	754	1119	0	198	421	751	266	530	1621	2042	980	647	541	0	820	2068	2821	516	0	312	0	0	3368	1155	2028	126	1441	0	1379	0	1902	0	0	63	206	678	0	412	896	960	158	0	0	0	448	331	387	322	1563	0	0	0	0	0	931	855	348	2491	12802	0	98	89	237	0	0	0	0	0	0	0	0	0	0	0	0	0	0	0	0	0	0	0	0	0	0	0	0	0	0	161	0	0	210	0	0	0	0	0	0	0	0	0	0	0	0	0	0	0	0	0	0	0	0	0	0	0	0	0	0	0	0	0	0	0	0	0	0	0	358	0	0	0	0	0	0	0	0	0	0	0	0	0	0	0
0	0	0	854	0	0	0	0	0	0	0	3983	221	382	197	2719	2477	2059	0	0	0	0	0	0	0	480	100	693	417	0	0	0	78	381	150	300	140	59	375	293	876	60	126	0	471	0	302	1902	0	0	0	0	0	642	0	0	0	0	0	0	0	0	0	0	0	0	446	137	0	0	0	152	100	122	51	128	2237	56	0	0	0	0	0	0	0	0	0	0	0	0	0	0	0	0	0	0	0	0	0	0	0	0	0	0	0	0	0	0	0	0	0	0	0	0	0	0	0	0	0	0	0	0	0	0	0	0	0	0	0	0	0	0	0	0	0	0	0	0	0	0	0	0	0	0	0	0	0	0	0	0	0	0	0	0	0	0	0	0	0	0	0	0
0	60	0	0	0	0	0	0	0	0	62	0	0	0	259	0	0	0	160	133	829	381	314	0	391	0	0	0	0	0	0	0	0	0	0	0	2861	68	0	0	0	65	594	165	0	0	0	0	0	0	0	340	0	0	0	0	0	0	484	817	1205	0	0	0	0	0	0	0	0	0	0	1946	352	0	0	0	0	0	452	0	0	0	0	0	0	0	0	0	0	0	0	0	0	0	0	0	0	0	0	0	0	0	0	0	0	0	0	0	0	0	0	0	0	0	0	0	0	0	0	0	0	0	0	0	0	0	0	0	0	0	0	0	0	0	0	0	0	0	0	0	0	0	0	0	0	0	0	0	0	0	0	0	0	0	0	0	0	0	0	0	0	0
0	694	0	0	0	0	0	0	0	0	0	0	0	0	0	0	0	0	0	0	1296	592	0	0	0	0	0	0	0	0	0	0	0	0	0	0	0	0	0	0	0	242	0	0	0	0	0	0	0	0	0	0	0	0	0	0	0	0	0	0	421	0	0	0	0	0	0	0	0	0	0	0	0	0	0	0	0	0	0	0	0	0	0	0	0	0	0	0	0	0	0	0	0	0	0	0	0	0	0	0	0	0	0	0	0	0	0	0	0	0	0	0	0	0	0	0	0	0	0	0	0	0	0	0	0	0	0	0	0	0	0	0	0	0	0	0	0	0	0	0	0	0	0	0	0	0	0	0	0	0	0	0	0	0	0	0	0	0	0	0	0	0
0	0	0	0	0	0	0	0	0	0	0	2110	0	2731	6096	801	0	0	0	0	0	0	0	0	145	0	0	0	197	0	0	0	0	187	0	278	1016	261	0	0	339	0	57	0	0	0	0	63	0	340	0	0	0	425	0	323	0	0	0	0	0	1038	0	0	0	0	471	1564	0	0	0	907	291	0	0	3630	104	0	0	0	0	0	0	0	0	85	83	0	0	0	0	0	134	0	456	1705	750	0	0	0	0	0	0	0	0	0	0	0	0	0	0	0	0	0	0	0	0	0	0	0	0	0	0	0	0	0	0	0	0	0	0	0	952	749	410	0	0	0	0	0	0	0	0	0	0	0	0	0	0	0	0	0	0	0	0	0	3245	0	0	0	0	0
379	0	0	0	1266	0	0	0	0	0	0	0	0	0	6132	1001	0	0	0	0	0	0	0	0	0	0	0	0	0	0	0	0	0	0	0	0	0	0	0	0	0	0	0	0	0	0	0	206	0	0	0	0	0	1371	0	0	0	0	0	0	0	0	0	0	0	0	0	0	0	0	0	0	0	0	290	1920	510	0	0	0	0	0	0	0	0	107	249	0	0	0	0	0	0	0	352	1264	873	0	0	0	0	0	0	0	0	0	0	0	0	0	0	0	0	0	0	0	0	0	0	0	0	0	0	0	0	0	0	0	0	0	0	0	729	830	562	0	0	0	0	0	0	0	0	0	0	0	156	0	0	0	0	0	0	0	0	0	2208	0	0	0	0	0
0	0	0	0	0	0	0	0	0	0	0	2178	0	140	7068	8578	391	347	57	0	0	0	0	0	137	0	166	0	1315	59	0	0	0	0	0	0	0	0	0	0	0	0	0	0	0	0	0	678	642	0	0	425	1371	0	0	164	0	0	0	0	0	0	0	0	0	383	0	1510	891	0	0	0	121	0	1430	1746	2234	224	0	0	0	0	0	0	0	0	110	262	0	0	0	0	282	0	118	2040	1746	0	0	0	0	0	0	0	0	0	0	0	0	222	0	0	0	0	0	0	0	0	0	0	0	0	0	0	0	0	0	0	0	0	0	0	541	305	764	0	0	0	0	0	0	0	0	0	0	0	575	0	569	62	0	0	0	0	0	0	2215	0	0	0	0	0
0	0	0	0	0	0	0	0	0	0	0	0	0	0	0	0	0	0	0	0	0	0	0	0	2960	2153	0	0	0	0	0	0	0	190	0	269	176	478	0	0	0	0	0	0	0	0	0	0	0	0	0	0	0	0	0	410	0	0	0	0	0	0	0	0	0	0	0	0	0	0	0	311	764	0	0	0	0	0	0	0	0	0	0	0	0	0	0	0	0	0	0	0	0	0	0	0	0	0	0	0	0	0	0	0	0	0	0	0	0	0	0	0	0	0	0	0	0	0	0	0	0	0	0	0	0	0	0	0	0	0	0	0	0	0	0	0	0	0	0	0	0	0	0	0	0	0	0	0	0	0	0	0	0	0	0	0	0	0	0	0	0	0
0	0	0	0	0	0	0	0	0	77	0	0	0	0	957	88	146	0	651	3290	0	0	67	0	8417	3339	8436	0	0	1968	0	0	96	130	0	0	389	290	0	0	347	0	57	0	389	0	0	412	0	0	0	323	0	164	410	0	0	1892	0	0	0	0	0	0	2409	108	1783	453	222	0	0	840	1661	84	175	147	725	91	115	0	0	0	0	0	0	0	0	0	0	0	0	0	0	0	0	0	0	0	0	0	0	0	0	0	0	0	0	182	0	0	165	0	0	0	0	0	0	0	0	0	0	0	0	0	0	0	0	0	0	0	0	0	0	0	0	0	59	0	0	0	0	0	0	0	0	76	189	76	0	0	0	56	0	0	0	0	0	0	0	0	0	0
0	688	0	0	0	0	0	0	0	0	97	0	0	0	0	275	232	80	3210	297	532	0	0	0	0	0	0	0	0	0	0	0	0	190	0	0	52	62	0	0	0	3237	67	0	0	0	0	896	0	0	0	0	0	0	0	0	0	878	388	229	62	0	0	0	0	0	0	0	0	0	0	297	343	0	342	564	1820	0	0	0	0	0	0	0	0	0	0	0	0	0	0	0	0	0	0	0	0	0	0	0	73	0	0	0	0	0	0	0	0	0	0	0	0	0	0	0	0	0	0	0	0	0	0	0	0	0	0	0	0	0	0	0	0	0	0	0	0	0	0	0	0	0	0	0	0	0	0	0	0	0	0	0	0	0	0	0	0	0	0	0	0	0
0	229	0	0	0	0	0	0	0	142	1252	0	0	0	75	207	264	61	3878	7674	1109	0	142	0	518	0	188	0	0	684	0	0	0	248	58	0	51	56	0	0	0	185	89	0	0	0	0	960	0	0	0	0	0	0	0	1892	878	0	621	557	124	0	0	0	1052	88	0	0	0	0	0	612	425	124	460	355	1766	0	229	55	0	0	0	0	0	0	0	0	0	0	0	213	0	0	0	0	0	0	0	0	209	0	0	0	0	0	0	62	0	0	161	0	0	0	0	0	0	0	0	0	0	0	0	0	273	0	0	0	0	0	0	0	0	0	0	0	0	0	0	0	0	0	0	0	0	275	302	0	0	0	0	0	0	0	0	0	0	0	0	0	0	0
0	265	0	0	0	0	0	0	0	0	0	0	0	0	155	0	0	0	2188	604	158	0	58	0	1235	0	0	0	0	0	0	0	0	83	0	0	1241	953	0	0	0	0	140	0	0	0	0	158	0	484	0	0	0	0	0	0	388	621	0	456	126	0	0	0	0	0	0	0	0	0	0	4400	1614	0	0	314	768	0	0	0	0	0	0	0	0	0	0	0	0	0	0	0	0	0	0	0	0	0	0	0	0	0	0	0	0	0	0	0	0	0	0	0	0	0	0	0	0	0	0	0	0	0	0	0	0	0	0	0	0	0	0	0	0	0	0	0	0	0	0	0	0	0	0	0	0	0	0	0	0	0	0	0	0	0	0	0	0	0	0	0	0	0
0	396	0	0	0	0	0	0	0	0	0	0	0	0	58	0	0	0	589	0	2333	184	0	0	169	0	0	0	0	0	0	0	0	0	0	0	1099	0	0	0	0	0	57	0	0	0	0	0	0	817	0	0	0	0	0	0	229	557	456	0	250	0	0	0	0	0	0	0	0	0	0	1753	116	0	0	0	0	0	0	0	0	0	0	0	0	0	0	0	0	0	0	0	0	0	0	0	0	0	0	0	0	0	0	0	0	0	0	0	0	0	0	0	0	0	0	0	0	0	0	0	0	0	0	0	0	0	0	0	0	0	0	0	0	0	0	0	0	0	0	0	0	0	0	0	0	0	0	0	0	0	0	0	0	0	0	0	0	0	0	0	0	0
0	216	0	0	0	0	0	0	0	230	269	0	0	0	0	0	0	0	112	161	1726	2069	1358	0	0	0	0	0	0	123	0	0	0	0	0	0	210	0	0	0	0	109	401	1128	0	0	0	0	0	1205	421	0	0	0	0	0	62	124	126	250	0	0	0	0	256	108	0	0	0	0	0	241	0	0	55	117	276	0	1633	54	0	0	0	0	0	0	0	0	0	0	0	0	0	0	0	0	0	0	0	0	0	0	0	0	0	0	0	0	0	0	0	0	0	0	0	0	0	0	0	0	0	0	0	0	0	0	0	0	0	0	0	0	0	0	0	0	0	0	0	0	0	0	0	0	0	0	0	0	0	0	0	0	0	0	0	0	0	0	0	0	0	0
0	0	0	0	0	0	0	0	0	0	0	0	460	1361	1329	235	0	0	0	0	0	0	0	966	0	0	0	0	0	0	0	0	0	0	0	0	0	0	0	0	0	0	0	0	0	0	0	0	0	0	0	1038	0	0	0	0	0	0	0	0	0	0	0	0	0	0	0	0	0	0	0	0	138	0	164	902	94	0	0	0	0	0	0	0	0	121	0	0	0	0	0	0	0	0	0	267	164	0	0	0	0	0	0	0	60	0	0	0	0	0	0	0	0	0	0	0	0	0	0	0	0	0	0	0	0	0	0	0	0	0	0	0	0	0	0	0	0	0	0	0	0	0	0	0	0	0	0	0	0	0	0	0	0	0	0	0	602	0	0	0	0	0
0	0	0	0	0	350	127	125	105	0	0	0	0	0	0	58	169	689	0	0	0	50	385	1643	0	0	0	0	0	0	2718	826	0	0	275	0	0	0	0	0	0	0	260	0	0	0	95	448	0	0	0	0	0	0	0	0	0	0	0	0	0	0	0	765	0	314	0	0	0	540	60	0	0	0	0	1076	1083	0	55	99	873	0	0	0	0	0	99	0	0	0	0	0	0	0	0	0	56	0	0	0	0	0	0	0	142	0	0	0	0	0	0	78	0	0	0	0	0	0	0	0	0	0	0	0	0	0	0	0	0	0	0	0	0	0	0	0	0	0	0	0	0	0	0	128	0	0	89	0	0	0	0	0	0	0	0	0	437	0	0	0	0	238
861	0	0	0	0	0	0	0	0	0	0	0	0	0	0	0	0	80	0	0	0	0	0	2255	0	0	0	0	0	0	794	0	0	0	164	0	0	0	0	0	0	0	96	0	0	0	457	331	0	0	0	0	0	0	0	0	0	0	0	0	0	0	765	0	0	0	0	0	0	0	0	0	0	0	140	705	750	102	0	0	67	0	0	0	0	70	55	0	0	0	0	0	0	0	0	0	60	0	0	0	0	0	0	0	65	0	0	0	0	0	0	0	0	0	0	0	0	0	0	0	0	0	0	0	0	0	0	0	0	0	0	0	0	0	0	0	0	0	0	0	0	0	0	0	0	0	0	0	0	0	0	0	0	0	0	0	175	0	0	0	0	0
0	0	0	0	0	0	0	0	69	1701	7945	0	0	0	0	84	0	0	365	5305	325	769	195	0	0	0	2262	0	0	9614	0	0	0	144	0	0	0	0	0	0	0	214	54	1359	0	0	0	387	0	0	0	0	0	0	0	2409	0	1052	0	0	256	0	0	0	0	1372	0	0	0	0	106	0	180	0	474	195	840	0	339	0	0	0	0	0	0	0	0	0	0	0	0	1173	0	0	0	0	0	0	0	82	929	0	0	0	0	82	0	179	0	0	579	0	0	0	0	0	0	0	0	0	0	0	136	0	1443	0	0	0	0	0	0	0	0	0	0	0	151	0	85	0	0	0	0	0	0	1598	1987	0	0	0	0	0	0	0	0	0	0	0	0	104	0	0
110	0	4896	0	160	2301	3288	3256	3780	3863	910	0	0	0	193	4610	174	74	0	539	0	129	721	55	54	184	1511	1016	1053	3489	490	746	0	119	0	0	0	0	0	0	0	168	81	1126	1327	2679	0	322	0	0	0	0	0	383	0	108	0	88	0	0	108	0	314	0	1372	0	1157	0	205	306	1747	0	0	0	564	734	1085	283	1234	70	709	0	0	3286	0	153	701	555	2226	2506	66	696	0	0	0	344	4645	69	0	149	556	0	73	66	116	247	487	1399	1390	1802	3148	83	0	0	235	0	0	0	0	0	0	0	0	0	1028	1697	1708	0	66	0	0	0	0	0	636	0	375	0	77	0	0	0	0	159	0	1488	18567	872	0	507	0	1247	0	186	0	465	486	379	58	184	0	239
0	0	2679	82	0	0	0	0	0	0	0	123	0	0	1283	164	1409	123	0	0	0	0	0	0	233	4655	5699	8326	139	557	0	0	0	0	119	0	0	0	0	0	574	0	0	0	1187	160	0	1563	446	0	0	471	0	0	0	1783	0	0	0	0	0	0	0	0	0	1157	0	882	299	0	0	0	77	0	578	251	1663	506	309	0	0	0	0	1612	0	0	0	0	0	281	0	0	0	0	0	0	0	0	0	0	0	0	0	0	0	0	467	964	2219	659	774	0	0	0	50	0	121	0	0	0	0	108	0	0	0	1290	983	0	0	0	0	0	0	0	0	0	224	0	0	0	0	0	0	0	0	0	2096	1833	0	0	0	225	0	0	0	0	0	0	0	0	0	0
0	0	0	252	0	0	210	0	0	0	0	3322	0	0	2495	2859	0	0	0	0	0	0	0	0	155	620	0	178	5073	0	0	0	0	0	0	0	238	67	0	0	0	0	0	0	568	0	0	0	137	0	0	1564	0	1510	0	453	0	0	0	0	0	0	0	0	0	0	882	0	451	0	0	250	107	0	0	663	119	0	0	0	0	0	0	0	0	0	0	0	0	0	0	0	0	0	0	562	212	0	0	0	0	0	0	0	0	0	0	0	0	186	0	0	0	0	0	0	0	0	0	0	0	0	0	0	0	0	0	0	0	0	0	0	0	0	134	0	0	0	0	0	0	0	0	0	0	0	0	0	407	0	0	0	0	0	0	0	900	0	0	0	0	0
0	0	126	112	0	0	0	0	0	0	0	0	0	0	2032	2522	125	0	0	0	0	0	0	0	109	0	209	91	9297	0	0	0	0	0	0	0	0	0	0	0	0	0	0	0	316	0	0	0	0	0	0	0	0	891	0	222	0	0	0	0	0	0	0	0	0	205	299	451	0	0	0	0	0	0	257	708	659	479	132	55	0	0	0	0	0	0	0	0	377	0	0	0	0	0	0	1766	1697	0	0	0	0	0	0	0	0	0	0	0	0	2531	0	0	0	0	0	0	0	0	0	0	0	0	0	0	0	92	0	0	0	0	0	0	0	0	563	0	0	0	0	0	0	0	0	0	0	0	861	0	1185	1774	0	0	0	0	0	0	2540	0	0	0	0	0
272	0	0	0	645	1072	114	111	84	0	0	0	0	0	0	677	0	0	0	0	0	0	122	377	0	0	0	0	0	0	3632	501	0	0	0	0	0	0	0	0	0	0	0	0	0	0	0	0	0	0	0	0	0	0	0	0	0	0	0	0	0	0	540	0	0	306	0	0	0	0	53	0	0	0	98	2967	907	0	0	0	629	357	0	0	0	605	565	0	0	0	0	0	0	0	0	0	636	0	0	0	0	0	0	0	432	0	0	0	0	0	0	184	0	0	0	0	0	0	0	0	0	0	0	0	0	0	0	0	0	0	0	0	0	0	0	0	0	0	0	0	0	0	0	138	182	0	281	0	0	0	81	0	0	0	0	0	1452	0	0	0	0	213
0	0	0	0	0	764	1463	1295	2330	308	0	0	0	0	0	197	0	0	0	0	0	0	204	0	0	0	80	0	0	3206	81	104	0	0	0	0	0	0	0	0	0	0	0	122	0	1555	0	0	0	0	0	0	0	0	0	0	0	0	0	0	0	0	60	0	106	1747	0	0	0	53	0	0	0	0	73	164	251	0	258	0	87	0	0	0	0	0	0	0	0	336	0	0	0	0	0	0	0	0	0	0	0	0	0	0	0	0	0	350	0	0	629	0	0	0	0	0	0	0	0	0	0	0	0	0	0	0	115	0	0	0	0	0	0	0	0	0	115	0	0	0	0	0	0	0	0	0	867	0	0	0	0	330	0	0	0	0	0	0	0	0	0	0
58	250	0	0	0	0	0	0	0	0	0	51	0	361	1133	0	0	0	1061	617	1095	187	73	92	2373	400	0	0	0	0	0	0	0	174	0	66	7493	2850	0	0	154	121	971	66	0	0	0	0	152	1946	0	907	0	0	311	840	297	612	4400	1753	241	0	0	0	0	0	0	250	0	0	0	0	3157	0	180	187	396	0	239	0	0	0	0	0	0	0	0	0	0	0	0	0	0	0	0	0	0	0	0	0	0	0	0	0	0	0	0	0	0	0	0	0	0	0	0	0	0	0	0	0	0	0	0	0	0	0	0	0	0	0	0	0	0	0	0	0	0	0	0	0	0	0	0	0	0	0	0	0	0	0	0	0	0	0	0	0	0	0	0	0	0	0
0	0	0	0	0	0	0	0	0	0	66	0	0	105	528	122	116	68	2296	449	0	84	0	56	6238	1420	923	0	0	255	0	0	0	4112	114	1179	1719	6123	0	0	1080	290	327	0	0	0	0	931	100	352	0	291	0	121	764	1661	343	425	1614	116	0	138	0	0	180	0	77	107	0	0	0	3157	0	456	168	230	785	0	0	0	0	0	0	0	0	0	0	0	0	0	0	0	0	0	0	0	0	0	0	0	0	0	0	0	0	0	0	86	0	0	85	0	0	0	0	0	0	0	0	0	0	0	0	0	0	0	0	0	0	0	0	0	0	0	0	0	0	0	0	0	0	0	0	0	0	0	0	0	0	0	0	0	0	0	0	0	0	0	0	0	0	0
0	0	0	158	0	0	0	0	0	0	0	0	0	0	0	0	0	0	0	213	0	0	0	0	0	369	0	0	0	0	0	0	1331	2450	0	1544	0	0	0	0	2208	0	0	0	0	0	0	855	122	0	0	0	0	0	0	84	0	124	0	0	0	0	0	0	0	0	0	0	0	0	0	0	456	0	0	0	0	0	0	0	0	0	0	0	0	0	0	0	0	0	0	0	0	0	0	0	0	0	0	0	0	0	0	0	0	0	0	0	0	0	0	0	0	0	0	0	0	0	0	0	0	0	0	0	0	0	0	0	0	0	0	0	0	0	0	0	0	0	0	0	0	0	0	0	0	0	0	0	0	0	0	0	0	0	0	0	0	0	0	0	0	0
499	0	1432	59	644	625	236	73	66	202	450	0	93	0	593	6684	0	0	199	763	0	483	159	452	0	108	744	1679	2089	827	82	0	0	650	281	0	0	305	55	0	0	833	1598	527	2258	137	0	348	51	0	0	0	290	1430	0	175	342	460	0	0	55	164	0	140	474	564	578	0	257	98	73	180	168	0	0	13622	10466	2675	3527	837	66	0	0	0	0	0	0	0	0	0	0	0	0	0	0	0	147	0	0	0	0	0	0	0	0	0	0	202	0	0	373	0	0	0	0	0	0	0	0	0	0	0	0	0	0	0	0	0	0	0	0	0	0	0	0	0	98	0	0	0	0	0	0	0	0	0	474	0	0	0	0	0	0	0	0	190	92	0	0	177	0	0
2946	185	376	76	1897	2372	433	204	133	0	182	374	206	992	12041	6780	567	531	356	415	0	848	714	3335	100	102	497	903	2195	585	4022	526	0	269	368	0	0	124	89	73	367	1038	791	429	1143	87	335	2491	128	0	0	3630	1920	1746	0	147	564	355	314	0	117	902	1076	705	195	734	251	663	708	2967	164	187	230	0	13622	0	12182	1161	1224	230	2786	1027	0	0	0	1698	1490	285	0	0	0	0	1081	238	2613	9851	5645	0	0	0	0	0	0	0	1887	0	0	251	0	1665	316	526	0	0	0	0	0	0	0	407	603	0	0	0	0	212	0	0	0	342	0	0	5071	3524	2325	0	0	0	0	0	0	0	734	588	565	0	728	0	1140	806	219	0	0	0	0	71	24043	413	0	0	0	999
1120	425	1732	548	723	1273	411	103	153	107	851	150	85	0	1357	8886	6113	2897	1415	2104	0	2001	1783	1730	364	540	2486	3125	3563	2008	1620	691	0	1351	1518	333	122	438	79	0	2307	3174	2558	983	3674	210	1350	12802	2237	0	0	104	510	2234	0	725	1820	1766	768	0	276	94	1083	750	840	1085	1663	119	659	907	251	396	785	0	10466	12182	0	13734	4550	1826	2286	0	0	0	0	0	0	0	0	0	0	0	0	0	0	117	216	0	0	0	0	0	0	0	0	0	0	825	0	0	1107	0	0	0	0	0	0	0	0	0	0	0	0	0	0	0	0	0	0	0	0	0	0	0	0	0	348	0	0	0	0	0	0	0	0	0	1169	0	0	0	0	0	0	0	0	0	227	214	0	0	0	0
145	0	742	320	100	0	0	0	0	0	0	0	0	0	122	1334	0	0	0	159	0	0	116	124	0	73	620	1385	2304	433	0	0	0	0	0	0	0	0	0	0	0	0	0	0	2067	0	0	0	56	0	0	0	0	224	0	91	0	0	0	0	0	0	0	102	0	283	506	0	479	0	0	0	0	0	2675	1161	13734	0	3511	1008	0	0	0	0	0	0	0	0	0	0	0	0	0	0	0	0	0	0	0	0	0	0	0	0	0	0	0	0	0	0	0	0	0	0	0	0	0	0	0	0	0	0	0	0	0	0	0	0	0	0	0	0	0	0	0	0	0	0	0	0	0	0	0	0	0	0	0	0	0	0	0	0	0	0	0	0	0	0	0	0	0	0
0	0	435	142	0	209	217	78	276	1270	262	0	0	0	0	478	0	0	104	349	97	314	3630	92	0	0	503	762	978	463	69	119	0	318	372	0	0	50	0	0	0	185	2565	1131	1071	0	0	98	0	452	0	0	0	0	0	115	0	229	0	0	1633	0	55	0	339	1234	309	0	132	0	258	239	0	0	3527	1224	4550	3511	0	3042	73	0	0	0	0	0	0	0	0	0	0	174	0	0	0	0	0	0	0	0	101	0	0	0	0	0	0	321	0	0	325	0	0	0	0	0	0	0	0	0	0	0	55	0	412	0	0	0	0	0	0	0	0	0	0	0	160	0	0	0	0	0	0	0	0	165	420	0	0	0	0	0	0	0	0	365	0	0	0	534	0	0
0	0	0	0	0	0	0	0	0	0	0	0	0	0	0	174	54	59	0	64	0	123	1003	90	0	0	0	83	192	54	95	171	0	0	961	0	0	0	0	0	0	99	1071	62	151	0	0	89	0	0	0	0	0	0	0	0	0	55	0	0	54	0	99	0	0	70	0	0	55	0	0	0	0	0	837	230	1826	1008	3042	0	100	0	0	0	0	0	0	0	0	0	0	0	0	0	0	0	0	0	0	0	0	0	0	0	0	0	0	0	0	0	0	0	0	0	0	0	0	0	0	0	0	0	0	0	0	0	0	0	0	0	0	0	0	0	0	0	0	0	0	0	0	0	0	0	0	0	0	0	0	0	0	0	0	0	0	0	0	0	0	0	0	0
0	0	0	0	0	545	274	227	143	0	0	0	0	0	0	0	0	489	0	0	0	145	495	133	0	0	0	0	0	79	909	1526	0	0	100	0	0	0	0	0	0	71	187	70	0	0	0	237	0	0	0	0	0	0	0	0	0	0	0	0	0	0	873	67	0	709	0	0	0	629	87	0	0	0	66	2786	2286	0	73	100	0	0	0	0	0	0	112	0	0	0	0	0	0	0	0	0	0	0	0	0	0	0	0	0	274	0	0	0	0	0	0	121	67	0	0	0	0	0	0	0	0	0	0	0	0	0	0	0	0	0	0	0	0	0	0	0	0	0	0	0	0	0	0	262	0	0	185	0	0	0	79	0	0	0	0	0	769	0	0	0	0	562
382	0	0	0	209	142	0	0	0	0	0	0	0	0	84	172	0	0	0	0	0	0	0	269	0	0	0	0	0	0	451	0	0	0	0	0	0	0	0	0	0	0	0	0	0	0	0	0	0	0	0	0	0	0	0	0	0	0	0	0	0	0	0	0	0	0	0	0	0	357	0	0	0	0	0	1027	0	0	0	0	0	0	0	0	0	1224	305	0	0	0	0	0	0	0	0	727	904	0	0	0	0	0	63	124	2939	0	0	0	0	0	0	786	0	0	0	0	0	0	59	0	0	0	0	57	55	0	0	70	0	0	0	0	0	675	0	0	0	0	0	0	0	0	0	111	1037	0	133	0	0	0	172	0	0	0	0	169	2673	822	75	0	0	0
0	0	0	0	0	0	0	0	0	0	0	0	0	0	0	0	0	0	0	0	0	0	0	0	0	0	0	0	0	0	0	0	0	0	0	0	0	0	0	0	0	0	0	0	0	0	0	0	0	0	0	0	0	0	0	0	0	0	0	0	0	0	0	0	0	0	0	0	0	0	0	0	0	0	0	0	0	0	0	0	0	0	0	0	0	0	0	0	0	0	0	0	0	0	0	0	0	0	0	1113	668	1448	258	74	0	0	0	0	0	0	0	0	0	0	0	0	0	1117	663	0	0	0	612	60	0	0	0	0	0	0	345	389	0	0	0	0	0	249	648	560	1113	359	0	0	0	0	0	0	0	0	0	0	280	209	0	0	0	122	0	0	0	0
0	0	3918	0	0	0	0	431	183	0	0	0	0	0	0	144	0	0	0	0	0	0	0	0	0	588	562	1902	823	558	0	0	0	0	0	0	0	0	0	0	0	0	0	0	1893	1190	0	0	0	0	0	0	0	0	0	0	0	0	0	0	0	0	0	0	0	3286	1612	0	0	0	0	0	0	0	0	0	0	0	0	0	0	0	0	0	0	0	0	0	1203	1023	0	0	0	0	0	0	1262	344	0	0	0	0	0	0	0	0	223	740	1974	2061	918	0	0	0	0	0	0	0	0	0	0	129	0	0	0	4773	3424	0	219	0	0	0	0	0	0	0	0	0	0	0	0	0	0	0	0	0	4704	1771	0	0	0	0	0	0	0	3784	487	1135	136	187	0	0
0	0	0	0	0	0	0	0	0	0	0	0	0	0	0	265	0	0	0	0	0	0	0	0	0	0	0	0	387	0	0	0	0	0	0	0	0	0	0	0	0	0	0	0	0	0	0	0	0	0	0	0	0	0	0	0	0	0	0	0	0	0	0	0	0	0	0	0	0	0	0	0	0	0	0	0	0	0	0	0	0	0	0	0	0	0	0	0	0	0	0	0	2170	0	0	0	1592	223	93	0	0	0	0	0	0	0	1215	0	923	1821	0	0	0	648	1783	199	110	0	0	0	0	1250	0	0	0	1605	0	0	211	2284	0	0	0	0	0	0	69	0	0	0	0	0	0	0	0	0	0	122	1416	134	0	0	0	0	152	421	955	428	212	0	0	0
1124	0	0	0	771	385	0	0	0	0	0	0	0	0	207	539	0	0	0	0	0	0	0	656	0	0	0	0	0	0	494	0	0	0	0	0	0	0	0	0	0	0	0	0	0	0	0	0	0	0	0	85	107	0	0	0	0	0	0	0	0	121	0	70	0	153	0	0	0	605	0	0	0	0	0	1698	0	0	0	0	0	1224	0	0	0	0	1765	167	0	0	0	0	0	0	0	572	5372	53	0	0	0	0	0	163	368	0	0	0	0	0	84	138	0	0	0	0	0	0	90	0	0	0	114	0	0	0	0	251	88	0	0	0	0	2118	85	0	0	0	0	0	0	0	57	0	0	0	601	0	0	0	123	0	0	0	0	450	4241	1888	256	0	0	0
637	0	0	0	396	431	0	0	0	0	0	0	0	0	525	648	0	0	0	0	0	0	0	409	0	0	0	0	0	0	701	0	0	0	0	0	0	0	0	0	0	0	0	0	0	0	0	0	0	0	0	83	249	110	0	0	0	0	0	0	0	0	99	55	0	701	0	0	0	565	0	0	0	0	0	1490	0	0	0	0	112	305	0	0	0	1765	0	3093	1615	1321	388	0	0	0	0	67	7754	0	0	0	0	0	97	262	273	0	0	0	0	0	561	659	944	0	0	0	0	0	0	0	0	0	0	0	150	0	174	0	0	0	0	0	0	0	0	0	0	0	0	0	0	0	0	466	0	0	4008	0	0	0	875	1072	0	0	0	216	2688	1012	0	130	0	626
0	0	0	0	0	59	250	0	0	0	0	0	0	0	456	875	0	0	0	0	0	0	0	0	0	0	0	0	200	0	0	0	0	0	0	0	0	0	0	0	0	0	0	0	0	0	0	0	0	0	0	0	0	262	0	0	0	0	0	0	0	0	0	0	0	555	0	0	0	0	0	0	0	0	0	285	0	0	0	0	0	0	0	0	0	167	3093	0	4466	2414	713	0	147	0	0	69	4225	0	0	0	0	0	0	204	0	0	0	0	0	0	1415	0	492	0	0	0	0	0	0	0	0	0	0	0	150	0	760	0	0	0	0	0	0	0	0	0	0	0	0	0	0	0	0	0	0	0	3894	0	90	0	0	2458	0	0	0	93	398	238	0	225	0	200
0	0	1195	0	0	0	84	668	0	0	0	0	0	0	0	1135	0	0	0	0	0	0	0	0	0	0	0	201	941	0	0	0	0	0	0	0	0	0	0	0	0	0	0	0	512	326	0	0	0	0	0	0	0	0	0	0	0	0	0	0	0	0	0	0	0	2226	0	0	377	0	0	0	0	0	0	0	0	0	0	0	0	0	0	1203	0	0	1615	4466	0	3111	394	0	0	0	0	0	4124	0	0	0	0	0	0	103	0	0	0	0	0	461	1936	0	398	0	0	0	0	0	0	0	0	0	0	0	83	247	2422	0	0	0	0	0	0	0	0	0	0	0	0	0	0	0	0	0	0	0	5805	0	0	184	0	2661	0	0	0	111	227	98	0	96	0	165
0	0	687	0	0	0	0	0	858	0	0	0	0	0	0	0	0	0	0	0	0	0	0	0	0	0	295	0	0	755	0	0	0	0	0	0	0	0	0	0	0	0	0	0	0	469	0	0	0	0	0	0	0	0	0	0	0	0	0	0	0	0	0	0	0	2506	281	0	0	0	336	0	0	0	0	0	0	0	0	0	0	0	0	1023	0	0	1321	2414	3111	0	923	0	0	0	0	0	693	0	0	0	0	0	53	147	0	0	0	239	0	0	2503	0	382	0	0	0	0	0	0	0	0	0	0	0	201	0	1284	0	0	0	0	0	0	0	0	0	76	0	0	0	0	0	0	0	0	102	5982	98	0	0	0	3706	0	0	0	86	106	111	0	172	0	177
0	0	0	0	0	0	0	0	0	0	0	0	0	0	0	0	0	0	0	0	0	0	0	0	0	0	0	0	0	0	0	0	0	0	0	0	0	0	0	0	0	0	0	0	0	0	0	0	0	0	0	0	0	0	0	0	0	0	0	0	0	0	0	0	0	66	0	0	0	0	0	0	0	0	0	0	0	0	0	0	0	0	0	0	0	0	388	713	394	923	0	150	0	0	0	0	500	0	0	0	63	0	890	1092	0	0	0	0	0	0	806	0	76	0	0	0	0	0	0	0	0	0	0	157	1514	0	0	0	0	0	0	0	0	0	0	0	0	0	0	0	0	163	0	0	0	430	2251	0	0	0	0	415	0	0	0	115	0	0	0	1062	0	0
0	0	0	0	0	0	0	0	0	848	1711	0	0	0	0	0	0	0	52	1201	0	231	0	0	0	0	0	0	0	551	0	0	0	0	0	0	0	0	0	0	0	548	0	882	0	0	0	0	0	0	0	0	0	0	0	0	0	213	0	0	0	0	0	0	1173	696	0	0	0	0	0	0	0	0	0	0	0	0	174	0	0	0	0	0	0	0	0	0	0	0	150	0	0	0	0	0	59	280	0	110	7270	219	1491	150	69	0	0	297	0	0	2705	0	0	0	249	58	0	0	139	0	0	0	1173	134	5676	0	0	0	260	0	0	0	0	0	0	0	0	0	627	0	0	246	0	0	0	8189	1448	0	0	0	0	0	0	137	0	932	153	1096	0	354	0	0
0	0	0	0	0	0	0	0	0	0	0	0	0	0	740	563	0	0	0	0	0	0	0	0	0	0	0	0	536	0	0	0	0	0	0	0	0	0	0	0	0	0	0	0	0	0	0	0	0	0	0	134	0	282	0	0	0	0	0	0	0	0	0	0	0	0	0	0	0	0	0	0	0	0	0	1081	0	0	0	0	0	0	0	0	2170	0	0	147	0	0	0	0	0	212	2246	869	5005	122	1066	0	0	0	0	0	0	94	249	0	0	3023	0	0	0	163	462	717	0	0	131	174	2302	148	0	0	0	0	0	206	326	3825	0	0	1725	0	781	0	66	0	0	0	0	0	0	0	0	0	0	166	6080	0	0	0	0	126	0	172	2699	256	0	0	0	0
0	0	0	0	0	0	0	0	0	0	0	0	0	0	69	0	0	0	0	0	0	0	0	0	0	0	0	0	0	0	0	0	0	0	0	0	0	0	0	0	0	0	0	0	0	0	0	0	0	0	0	0	0	0	0	0	0	0	0	0	0	0	0	0	0	0	0	0	0	0	0	0	0	0	0	238	0	0	0	0	0	0	0	0	0	0	0	0	0	0	0	0	212	0	1222	0	0	161	157	0	0	0	0	0	1925	55	0	0	0	0	0	0	0	0	86	0	0	0	113	1515	0	146	0	0	0	0	0	758	139	685	0	0	0	0	0	0	0	0	0	0	0	0	1368	0	269	0	0	0	0	0	0	0	0	87	0	523	1107	1137	209	0	0	0
0	0	0	0	0	0	0	0	0	0	0	0	0	122	1411	318	0	0	0	0	0	0	0	0	0	0	0	0	0	0	0	0	0	0	0	0	0	0	0	0	0	0	0	0	0	0	0	0	0	0	0	456	352	118	0	0	0	0	0	0	0	0	0	0	0	0	0	0	0	0	0	0	0	0	0	2613	0	0	0	0	0	0	0	0	0	0	0	0	0	0	0	0	2246	1222	0	1195	674	1126	390	0	0	0	0	0	896	105	224	0	0	151	0	0	0	0	85	0	0	0	141	3356	3309	236	0	0	0	0	0	236	567	2968	0	0	4300	101	108	0	76	0	0	0	0	0	2005	0	0	0	0	139	208	0	0	0	0	141	0	2106	5658	3028	427	0	0	0
406	0	0	0	430	603	647	0	0	0	0	144	0	383	8270	5091	0	0	0	0	0	0	0	261	0	0	0	0	2879	0	0	0	0	0	0	0	0	0	0	0	0	0	0	0	0	0	0	0	0	0	0	1705	1264	2040	0	0	0	0	0	0	0	267	0	0	0	344	0	562	1766	0	0	0	0	0	0	9851	117	0	0	0	0	727	0	0	0	572	67	69	0	0	0	0	869	0	1195	0	2738	248	0	59	92	0	0	0	947	202	205	76	62	5179	0	0	0	0	136	0	0	400	707	0	0	0	0	95	0	132	0	0	140	52	502	0	14586	9414	5108	0	367	0	0	0	322	0	1715	0	0	0	399	73	6170	3803	0	0	182	361	0	1211	20808	1774	217	0	0	0
1133	0	1388	0	861	752	1176	913	0	0	0	87	0	125	4757	7560	0	0	0	0	0	0	0	637	0	0	0	781	3772	0	677	0	0	0	0	0	0	0	0	0	0	0	0	0	1533	80	0	0	0	0	0	750	873	1746	0	0	0	0	0	0	0	164	56	60	0	4645	0	212	1697	636	0	0	0	0	147	5645	216	0	0	0	0	904	0	1262	1592	5372	7754	4225	4124	693	500	59	5005	0	674	2738	0	656	240	53	98	0	234	376	328	0	0	90	139	4631	780	866	149	0	321	206	0	0	109	0	682	78	169	148	303	434	848	171	407	972	0	0	756	1091	10304	0	0	0	0	0	0	0	111	360	0	55	8758	52	3663	3996	625	776	0	66	0	6617	8396	6046	877	333	0	181
0	0	0	0	0	0	0	0	0	0	0	0	0	0	0	0	0	0	0	0	0	0	0	0	0	0	0	0	0	0	0	0	0	0	0	0	0	0	0	0	0	0	0	0	0	0	0	0	0	0	0	0	0	0	0	0	0	0	0	0	0	0	0	0	0	69	0	0	0	0	0	0	0	0	0	0	0	0	0	0	0	0	0	344	223	53	0	0	0	0	0	280	122	161	1126	248	656	0	1890	274	613	0	234	541	426	111	289	542	710	440	440	0	0	282	1082	845	270	0	199	828	0	1326	697	264	523	638	0	555	4374	2127	0	0	0	0	53	0	197	151	277	0	0	0	0	138	89	219	107	492	0	54	0	0	0	202	0	0	272	3253	0	0	0	0
0	0	0	0	0	0	0	0	0	0	0	0	0	0	0	0	0	0	0	0	0	0	0	0	0	0	0	0	0	0	0	0	0	0	0	0	0	0	0	0	0	0	0	0	0	0	0	0	0	0	0	0	0	0	0	0	0	0	0	0	0	0	0	0	0	0	0	0	0	0	0	0	0	0	0	0	0	0	0	0	0	0	0	0	93	0	0	0	0	0	0	0	1066	157	390	0	240	1890	0	0	63	0	0	618	975	0	103	0	0	0	0	0	0	0	456	518	84	0	146	275	152	314	82	183	53	0	0	950	974	1944	0	0	0	0	0	0	0	0	0	0	0	0	0	198	121	0	0	0	0	0	0	0	0	93	0	0	263	603	0	0	0	0
