0	4.36304964239154	4.03388634452556	4.51672237691569	4.11021333943081	0	5.00696840231875	0	4.17328780691911	0	3.88787930934875	0	3.90429796737379	0	3.81246794765484	0	2.75506501856191	0	3.40709464001914	4.54673876522653	0	0	3.12463601445256	0	0	0	3.70358845566447	0	3.96955280755267	0	0	0	0	0	0	0	3.91116568323182	3.75002380399458	2.85086028809216	0	0	0	0	0	0	0	0	0	0	0	4.60859757736954	0	0	0	0	0	4.52549884319415	0	3.17647033342818	0	4.03141102682120	0	3.17649898100941	0	4.17762665893168	0	2.86089929156490	0	3.46285386956892	4.05632015343910	2.81261980869992	0	3.06783860936400	4.53021695951149	4.19132975930106	0	1.89601721625360	4.33108639743349	0	0	4.16890176618691	0	3.49918895663838	0	4.19925008576261	0	0	0	3.80059002922657	0	2.89584334264668	0	2.70902001720323	0	2.41821167229851	0	3.01089475286539	0	3.02370561177197	0	2.72111786030721	0	2.90177625222312	0	3.15260033702058	0	0	0	0	0	3.14367474766920	0	3.24875727981319	0	0	0
4.36304964239154	0	0	2.87184754279589	0	3.46421162044434	0	2.67230953083369	0	3.62608608998495	0	2.34880462647764	0	1.47641528614660	0	3.28607325360451	0	2.59078981269541	4.47081754233234	2.58492252723001	0	0	0	3.83000734448100	0	0	0	0	0	2.34825828042692	0	0	0	1.15954924898271	0	0	3.48171566297961	1.58529260038757	0	0	0	0	0	0	0	0	0	3.96605340659702	0	1.83240184825458	0	3.09980559785276	0	0	0	0	0	3.47200386280383	0	2.86087834165582	0	3.14902762742697	0	3.24340590770980	0	3.63731961329525	4.42080445629854	0	4.40077523119845	1.91191950369517	4.35001629421728	3.46861805465329	4.16223180115027	1.85345591571421	0	2.40818857458025	4.28659267607661	1.89029004392738	0	0	0	3.06329967259408	0	0	0	3.74350580908057	0	0	0	3.72596105332445	0	2.74920625936728	0	2.98868907873268	0	3.70096769962729	0	3.52014392438209	0	3.03381521174895	0	3.27290057619865	0	4.47970699481638	0	3.90224061345909	0	0	0	3.67469691695225	0	3.12158666859796	0	4.67443637797852	0	3.78131317381858
4.03388634452556	0	0	4.23822516565443	3.72231616485024	4.37056419171394	4.23686645509986	4.07833184442201	1.76320556187687	0	2.65987558857957	4.65393545747000	3.45663187176891	4.20114074383160	3.23975626725953	4.14194865674208	2.48126931712304	0	3.26747498002054	4.27832349308296	3.61007794937363	3.37209271873989	2.84282908249044	4.39647853359946	2.32317693144014	4.39549499621965	0	0	2.73177456003384	0	3.15084843177822	3.81789452765599	4.13529986547902	4.24278551497086	0	4.41459301823372	4.67789011345238	4.62816748607460	4.36023112990897	0	0	0	5.10150305799536	0	4.57513594531866	0	4.67329366440340	4.66987609662559	4.51275703132433	0	4.34690950025017	0	4.88827347430015	0	4.15387853928927	0	3.39254465047811	0	3.80184252787978	0	3.51578905311106	0	0	0	3.48591079419363	0	4.84069555239339	4.81137004403029	3.73857517781968	0	4.26781195838715	4.10480690332391	2.26259019329311	4.75812234163193	4.19400101015058	0	3.50711385334256	4.49059911126959	2.77642100746181	0	3.31448175430636	0	2.93364819039000	0	4.09374862896523	0	0	0	4.18592481510354	0	3.53825779628475	0	3.64401002121387	4.89516274979366	4.40457525315231	0	3.78342641624664	0	3.72816811079248	0	4.03948268160110	0	3.85158706257361	5.24608972652583	4.36231107951577	4.80814820366223	0	0	0	0	4.13625874952241	0	3.88466256503598	0	0	0
4.51672237691569	2.87184754279589	4.23822516565443	0	4.74724958998865	3.02353355442180	4.27730425069342	3.31568873384669	4.64483048021044	1.80921776732805	3.73802731928242	2.72945289438627	4.31347345738062	2.83584910318185	4.99811571734384	2.86842593323727	0	2.11551911650790	4.42520792842440	4.07573232895086	4.60495582103895	4.18106403658907	4.57023194540806	4.07267026614053	4.71989063236990	1.69005702581487	4.73129365917003	3.21876132675740	4.44693278866753	3.66555256740308	4.91783844551908	4.46905972331291	4.04715592415973	2.07307653828969	4.66588544028580	4.47989018857111	4.61319987815473	4.04942505870555	0	4.06098440041278	0	4.42597865041987	3.89007793917273	4.19228064925552	0	4.60301292958410	5.16938679058246	4.33051437450723	0	5.18515018267489	4.85434654123143	5.18095004755005	0	0	0	3.98866044654824	0	3.50620915517613	4.23710089434614	4.87368766385732	0	0	0	3.59548527216368	0	3.95116829052407	4.40379874795818	3.65676117042384	4.74481394192798	2.53667095843734	4.30479533040630	4.28759687829165	4.69465087818620	3.43501706047659	0	4.66672177294485	4.52324520214156	3.68662245930402	0	0	0	4.43415182689677	0	0	0	4.43928491354801	0	0	4.49286295041359	4.32921478396272	4.14841640271405	3.37188155975180	4.24084294483553	4.51909170576496	4.89772465975696	3.74052703354530	5.13797847736107	3.69196413211290	0	3.36987871318438	0	4.14314508854626	4.71142660207573	4.82445708534790	4.81826879437118	4.29435788702094	0	0	0	4.20222827644359	0	3.53269277384924	0	5.17939613670209	0	5.34955833374120
4.11021333943081	0	3.72231616485024	4.74724958998865	0	4.52975193870720	2.43287743292377	0	2.37337433396922	0	0	0	0	0	2.49787745568321	0	0	0	4.00828162458013	0	2.22159890964896	4.01498371155331	3.78012263960584	4.73949504269760	3.06161508691902	4.55563594059437	2.24759751697516	0	2.02503259284280	0	3.22744959297934	4.14261026011345	0	0	4.57647916585892	4.46904109048224	4.18767699893248	4.64522894902007	0.911740509708806	0	2.86316206795280	0	4.95258305671660	5.28493059698011	4.10118928201415	4.83324580944754	5.03177468743456	4.75744331929408	4.57317528887899	5.21781715594511	4.60383880345427	0	4.65396540936498	0	3.97557153598464	5.06951914584330	3.78978201768340	0	3.58695424915747	0	3.65255142646692	0	0	0	3.98839741237164	0	4.70458423156447	4.84385698002167	4.18212427642745	0	3.60222203379184	4.27067958676020	3.28363357095697	0	4.58255322508680	0	4.72219014640226	4.95301777382585	2.74441279896519	0	3.67451863206465	0	0.905405304900253	0	3.85879432519078	0	1.66320432652241	0	3.19756698143293	4.80848608723425	5.32902035567884	0	4.77065834681007	0	5.39915572173862	0	4.81489822694209	0	0	0	4.85340796214421	0	4.88019586849812	0	4.97443013777868	0	0	0	0	4.83942722239709	0	0	0	0	0	0
0	3.46421162044434	4.37056419171394	3.02353355442180	4.52975193870720	0	4.68656855473633	2.20876901371446	0	3.91436907318387	0	0	0	0	4.88379039570619	3.18862428047016	0	0	0	4.82415688641019	4.56629755615291	2.16743136427197	4.55320774448351	2.60875272483536	4.34477342514154	2.81023100718794	0	2.40835837334064	0	2.20594039812270	4.59161988906227	4.19809754844676	0	0	4.67239285361633	4.66864383310883	4.43665834529483	3.03754619529444	0	3.12075083436916	0	2.57396395988604	4.72118217789008	5.07406770819077	4.40035879785081	4.40370309497240	4.77239340775651	4.15324047905269	4.90216148793566	5.33534033458786	4.93579240884152	4.67899498462816	0	5.36034425802324	0	3.73263463280255	0	3.42178119552668	0	4.09906656250129	0	0	0	4.45183181796089	0	4.24443136581431	4.66383032956695	4.60656644883792	0	3.95255998061744	4.86252817021996	3.93207822374599	0	3.48480656552627	0	4.56670845445392	5.14934689757286	4.88880727311174	0	0	0	4.32471357248237	0	2.67737296533259	5.04071581485318	3.57274536455501	0	3.02963623423650	4.67827559687591	2.42038925967538	0	5.71644488054405	0	5.72233291523089	0	4.84798462078651	0	0	0	0	0	0	5.52343963216027	5.85526498254178	0	5.27458845504059	0	0	0	5.42874157860426	0	0	0	5.81337513068274	5.82372793259394	5.70175380276584
5.00696840231875	0	4.23686645509986	4.27730425069342	2.43287743292377	4.68656855473633	0	4.15430266864190	1.17962530764365	0	3.02757798608361	0	3.59966933610967	4.61014830467558	3.33567865961601	0	3.20908603129015	0	4.27290598435914	0	0	0	2.83133465749861	4.20845924329412	0	0	0	0	2.70381312249160	0	0	3.83980115725680	0	0	0	0	4.76051833635910	4.64207068823811	0	0	0	0	0	0	0	0	4.72034440806278	0	4.14535556216099	0	4.29068847506307	0	0	0	4.01652242260153	0	4.27421134336403	0	4.04393945679484	0	4.20307038584509	0	0	0	3.94589340617731	0	4.21558159016395	4.98356458698772	3.57116727780119	0	3.95248596301399	3.98504795606494	2.95150909727968	5.02081484528868	4.24182998695777	0	4.68971838488293	4.88160590086598	2.61556789534584	0	3.85193501208353	0	0	0	4.09459442751956	0	0	0	4.15738433922339	0	3.97443371976117	0	4.28638463983690	0	5.16249137784146	0	4.83026349039549	0	4.36641120110549	0	0	0	4.77464322193778	0	5.01282828350055	0	0	0	0	0	0	0	0	0	0	0
0	2.67230953083369	4.07833184442201	3.31568873384669	0	2.20876901371446	4.15430266864190	0	0	0.327767025928283	0	2.74930726444069	4.25466167620597	3.57219561686869	0	2.05547895171017	0	1.26795145668794	0	2.58450784635975	0	0	0	3.71755260156848	0	0	0	0	0	3.34554130318180	0	0	0	0	0	0	4.57441422956489	4.34468188740725	0	0	0	0	0	0	0	0	0	4.92927705716177	0	4.46025420922098	0	3.56371161818593	0	0	0	4.24070068403565	0	3.43221095424968	0	4.51167636218686	0	0	0	0	0	3.45547308264744	0	4.92408311403718	0	4.55992428488197	4.06903806796363	4.33722462634447	4.73270616407305	3.92256677672418	0	5.01869410858902	0	4.54797956111397	0	0	0	0	0	0	0	3.84006380613815	0	0	0	3.78326827717326	0	0	0	5.12101673696263	0	4.07658628277130	0	0	0	0	0	0	0	5.09437028089528	0	4.80626694722962	0	0	0	4.81772133556708	0	4.64945392759168	0	5.59598941575993	0	5.65630577053880
4.17328780691911	0	1.76320556187687	4.64483048021044	2.37337433396922	0	1.17962530764365	0	0	0	0	0	2.96514494530396	0	2.52203820155482	0	0	0	4.12277529813747	0	2.10725102919952	0	0	0	0	0	1.44651546947832	0	3.42664260924324	0	0	0	0	0	0	4.54617592668753	3.21725253282527	4.72405517022956	0.469614411629311	0	0	0	4.95105795086361	5.26388554798839	3.90216217106700	4.77941045821837	5.12632839137542	0	4.68002573080010	5.18355378036123	4.69261607187363	0	4.77078880060125	0	4.36043656877930	5.17205386900742	3.79885148905661	0	3.74548054643355	0	3.85234848238234	0	0	0	4.16405045160818	0	4.65239066316146	4.97871176419655	3.82885139246664	0	4.54495718876049	4.69222991741212	3.67565847590660	0	4.82766666349433	0	4.97044554217329	0	3.33045770718690	0	4.13407264371295	0	2.69395213483544	0	4.28831637833019	0	0	0	4.61825844671506	0	5.08364157977349	0	4.80047869756378	0	5.39646947389022	0	5.06387015227574	0	0	0	5.11837801472672	0	4.81672501378847	0	5.18884120052224	0	0	0	0	0	0	0	0	0	5.31027431564030	0
0	3.62608608998495	0	1.80921776732805	0	3.91436907318387	0	0.327767025928283	0	0	0	0	0	2.35900861964314	0	3.96833372831424	0	0	0	0	0	2.34786704556011	0	0	0	2.64602206860680	0	3.36651574538098	0	3.19229492093761	0	0	0	0	5.22207321363034	5.11322026983655	4.73926136002747	3.94185372235517	0	2.67848686951833	0	3.58568366788033	0	5.58882382850107	4.99853936229952	4.95429110850956	5.15807756166283	4.76411086291127	5.54187155575396	5.73466791827174	5.25746129484459	5.31853462808031	0	5.84069490076304	0	4.61415476713097	0	3.77492332608051	0	4.55746465377108	0	0	0	4.85942544864163	0	4.38324104281098	5.34537309212984	5.07152131331832	0	0	5.08463146640161	4.24760135642963	0	4.34475060899003	0	4.67089219172354	0	4.67538471922333	0	0	0	4.61966353577201	0	3.33931758983706	0	4.66878788737218	0	3.20833840566015	4.97156449940992	3.92615586992611	0	5.33939143695352	0	5.68485843630016	0	4.46946482175463	0	0	0	0	0	0	0	5.91452611263257	0	5.23017542846668	0	0	0	5.46346597647229	0	0	0	5.93444915626813	0	5.84773872355734
3.88787930934875	0	2.65987558857957	3.73802731928242	0	0	3.02757798608361	0	0	0	0	0	3.63520458167227	4.36098400325546	3.56131775582660	0	1.56488707163423	0	2.56013286582508	0	0	0	2.97936912496717	0	0	0	0	0	0.224334085613369	0	0	0	0	0	0	0	0	0	0	0	0	0	0	0	0	0	0	0	0	0	4.22569108199539	0	0	0	0	0	3.38737377994295	0	2.59564570679650	0	3.81080326181193	0	3.59021956458424	0	3.73367409753739	0	0	0	3.41379544090810	0	0	0	1.42520812267970	0	0	0	0	0	0	0	4.55294047921366	0	0.739345321291203	0	4.26045747794132	0	0	0	3.75458298517952	0	0	0	0	0	0	0	0	0	0	0	0	0	0	0	0	0	0	0	0	0	0	0	0	0	0	0
0	2.34880462647764	4.65393545747000	2.72945289438627	0	0	0	2.74930726444069	0	0	0	0	0	2.07353055786850	0	2.07348519049952	0	2.04911955192518	0	2.69318953327376	0	0	0	3.87079011304487	0	0	0	0	0	4.09091487871674	0	0	0	0	0	0	0	0	0	0	0	0	0	0	0	0	0	0	0	0	0	3.10419811155409	0	0	0	0	0	2.24270483613975	0	2.39670977960113	0	2.92670869657201	0	3.17205219091713	0	3.50032859382603	0	0	0	0	4.95506242018168	0	4.96414067352868	4.44358731382950	0	5.74086412154428	0	4.93558977676356	0	0	0	3.21275630773132	0	2.53865698646650	0	3.31365435816920	0	0	0	3.36467600003806	0	0	0	0	0	0	0	0	0	0	0	0	0	0	0	0	0	0	0	0	0	0	0	0	0	0
3.90429796737379	0	3.45663187176891	4.31347345738062	0	0	3.59966933610967	4.25466167620597	2.96514494530396	0	3.63520458167227	0	0	4.58231024897220	3.56850777487518	0	3.54036500198308	0	3.24008925650636	0	0	0	3.32194806286896	0	0	0	0	0	3.71145879515670	0	0	0	0	0	0	4.63219883108704	4.85444312693117	5.24657637507676	4.34706160072859	0	0	0	4.95812852974022	0	0	0	5.55825920993041	4.93783888670577	4.29412079027170	0	4.41515014265915	0	5.03714399183832	0	4.24063028170409	0	3.33824602388745	0	3.66319985395988	0	3.25304711281473	0	3.62031491471495	0	3.59165269911690	0	3.98797101441543	5.02028918700742	3.59117541525588	0	4.64130679060697	3.76566682269827	3.54068088706727	5.08080987788500	4.94326323100456	0	5.13662273033116	4.75229448539757	3.20327920160269	0	3.78770359226133	0	3.44425806190862	0	4.14403982112610	0	3.14071700841707	0	4.06068926252065	0	4.57995762722681	0	4.82266938985990	0	5.40314820397454	0	5.17033645896938	0	4.45648056019837	0	5.15762564143280	0	4.98175980127383	0	5.32479401672786	0	0	0	0	0	0	0	0	0	5.51662793804793	0
0	1.47641528614660	4.20114074383160	2.83584910318185	0	0	4.61014830467558	3.57219561686869	0	2.35900861964314	4.36098400325546	2.07353055786850	4.58231024897220	0	0	1.70130854975926	0	3.75071920824079	4.23456061553750	2.66192801532103	0	0	0	3.66794900857244	0	0	0	0	4.75847463964750	3.44656922088624	0	0	0	0	0	0	5.04828809943854	4.15365860201570	0	4.40412956841635	0	0	0	0	0	5.42668729059722	5.07319699749511	5.43721194797391	0	5.48079289957622	0	5.19934632928823	0	5.98417762784430	0	4.94873115352254	0	3.98875450673424	0	4.90429365882457	0	4.15456713341807	0	4.85954514634575	0	4.43591711156538	0	5.23098702907014	0	4.77800034666413	4.68413366741223	4.69494040330183	5.11035848935678	4.73018901648506	0	5.20205897267671	4.49062896896084	5.17538393287856	0	0	0	4.74831528707415	0	0	0	4.75275219621378	0	0	0	4.55273945252860	0	5.18616479572341	0	5.69659254517962	5.51308243574441	4.81261934881317	0	0	0	0	0	0	0	5.90867700522676	5.51178353585116	5.11959236725234	0	0	0	5.26495632734323	0	0	0	5.96490598977682	0	5.73663154043637
3.81246794765484	0	3.23975626725953	4.99811571734384	2.49787745568321	4.88379039570619	3.33567865961601	0	2.52203820155482	0	3.56131775582660	0	3.56850777487518	0	0	0	3.58678040448466	0	2.65162498381394	0	2.80339187802226	0	3.04390313258491	0	3.50078035218869	0	1.61944834611918	0	3.41827556411097	0	0	0	0	0	0	4.91999511351620	3.51713122511826	4.83529646471677	2.54338404428411	0	3.24855695404663	0	5.10135569573593	5.46668301760882	3.84156623405104	4.79185569371691	5.29674414245618	0	4.57786879729382	5.43238218940220	4.77175731861792	0	5.07889227738984	0	4.31705666484409	0	3.65682868482255	0	3.70534516845443	0	3.53745140346169	0	3.83726056326929	0	3.99820685421448	0	4.71338275044130	5.04103991772715	3.71614188940255	0	5.00535618544782	4.65060895690896	3.83105524206033	0	5.17677577866882	0	5.31529195804842	0	3.14185036331699	0	3.54823388662630	0	2.43521451757003	0	4.24121547946018	0	0	0	3.50666075408649	4.95929915490976	0	0	5.22731999430513	0	5.63153678090352	0	0	0	0	0	0	0	5.03444885544718	0	5.57634284471273	0	0	0	0	0	0	0	0	0	0	0
0	3.28607325360451	4.14194865674208	2.86842593323727	0	3.18862428047016	0	2.05547895171017	0	3.96833372831424	0	2.07348519049952	0	1.70130854975926	0	0	0	3.64417818148213	0	3.26907564462181	0	2.21725420675275	0	0	0	2.69855025085153	0	1.85396231783827	0	3.09124978412297	0	0	0	0	5.38982666967953	5.20496606994922	5.10468704143112	4.03740935601255	0	3.02445980182139	0	3.98863883069332	0	5.73698443977631	5.03212713211419	4.93269459054940	5.00436740466281	5.05184070821846	5.59176921560506	5.60235300786136	5.37368393245888	5.02638762175144	0	5.92364033329626	0	5.21522993715879	0	3.74229795143380	0	4.44896754858077	0	0	0	4.51075621972041	0	4.29118057084947	5.23623515451768	4.75862015747232	0	0	0	3.58675155354039	0	3.86294557831191	0	4.28084766485162	0	4.32231996300092	0	0	0	4.41485809974257	0	3.40906693360038	0	4.58113002175819	0	2.90165378645100	5.27897186676940	4.96071771421163	0	0	0	5.31998771042085	0	4.16120721280499	0	0	0	0	0	0	0	5.26427971027247	0	4.77332624817828	0	0	0	5.04079493573883	0	0	0	5.51142263371334	0	5.47495294035019
2.75506501856191	0	2.48126931712304	0	0	0	3.20908603129015	0	0	0	1.56488707163423	0	3.54036500198308	0	3.58678040448466	0	0	0	2.74151918731503	0	0	0	0	0	0	0	0	0	3.72517842523008	0	0	0	0	0	0	0	0	0	0	0	0	0	0	0	0	0	0	0	0	0	0	0	0	0	0	0	2.94437328395705	0	2.95159971674493	0	3.06774210644595	0	2.61820467560368	0	3.57763583413867	0	0	0	0	0	0	0	2.46579418103287	0	0	0	0	0	2.36559837212796	0	3.44439789694050	0	2.24854126665079	0	4.65667505190157	0	0	0	4.03685501688207	0	0	0	0	0	0	0	0	0	0	0	0	0	0	0	0	0	0	0	0	0	0	0	0	0	0	0
0	2.59078981269541	0	2.11551911650790	0	0	0	1.26795145668794	0	0	0	2.04911955192518	0	3.75071920824079	0	3.64417818148213	0	0	0	2.26767832472753	0	0	0	3.33812743010924	0	0	0	0	0	4.31722916413475	0	0	0	0	0	0	0	0	0	0	0	0	0	0	0	0	0	0	0	0	0	0	0	0	0	0	0	3.58831280633612	0	3.15037102315628	0	3.25718668160103	0	4.01758262319574	0	3.55579387031958	0	0	0	0	0	0	0	2.26569142054456	0	0	0	0	0	1.89563280064890	0	4.79920921151491	0	4.18602132553840	0	3.96774118700798	0	0	0	4.28295591642704	0	0	0	0	0	0	0	0	0	0	0	0	0	0	0	0	0	0	0	0	0	0	0	0	0	0
3.40709464001914	4.47081754233234	3.26747498002054	4.42520792842440	4.00828162458013	0	4.27290598435914	0	4.12277529813747	0	2.56013286582508	0	3.24008925650636	4.23456061553750	2.65162498381394	0	2.74151918731503	0	0	4.33000916450070	0	0	3.40364542149377	4.26854845523956	0	0	0	0	2.38729631981489	0	4.33035019869504	4.28713387804490	4.02069115904940	4.26241781214045	0	0	3.96766097373244	0	4.05703519338552	0	0	0	4.69940739603512	3.18775921148632	5.10014925044900	0	0	3.61105691407843	0	0	3.54522777903210	0	0	0	0	0	4.12134329450259	0	5.02067876008873	0	0	0	0	0	0	0	4.91020369797536	3.95826610661042	2.33703591238770	4.34999225789462	3.02786841549415	3.80014670625306	2.37620036906138	4.40728797669563	3.41125598038573	0	2.27090317669405	4.43266413084258	0	0	2.47628566521653	0	2.99184918999828	0	3.47749722956534	0	0	0	3.43859224067863	0	3.27603291780242	0	3.16165919711855	0	3.47532592404372	0	3.60877945668419	0	3.52927862749889	0	3.44299197032442	0	3.23645718978191	5.08268580682635	3.45305054155323	4.47383690774205	0	0	0	0	0	0	0	0	0	0
4.54673876522653	2.58492252723001	4.27832349308296	4.07573232895086	0	4.82415688641019	0	2.58450784635975	0	0	0	2.69318953327376	0	2.66192801532103	0	3.26907564462181	0	2.26767832472753	4.33000916450070	0	0	0	4.13370559492990	0.0748112406786948	0	0	0	0	0	2.58956855072854	4.29684268566182	3.75226662338166	4.24874556533509	3.38872277817296	0	2.96577128851047	0	3.32722281931374	0	0	0	3.98551846679854	4.71559634094115	3.28563239620510	4.78356608024409	3.20786904544653	4.94967205040488	4.23719765505413	0	0	0	0	0	0	0	0	0	2.82713398828228	4.17579751909485	3.46659593874606	0	0	0	0	0	0	4.64860351811689	3.34486503029826	4.44936085578534	1.24519720647378	4.17317587861969	3.75645227284741	4.50974477204321	2.66575647701927	0	3.18761835985445	4.24087634135695	2.78232921230354	0	0	0	0	0	0	0	0	0	0	0	0	0	3.07053942936800	0	3.21160929422434	0	4.08457029293010	0	3.56893590063780	0	3.35647450169750	0	3.85442391721380	4.40058666401696	4.73524853958211	0	3.87780759294958	0	0	0	3.93949056738524	0	3.93995079249061	0	4.74374877617861	0	4.83554858166367
0	0	3.61007794937363	4.60495582103895	2.22159890964896	4.56629755615291	0	0	2.10725102919952	0	0	0	0	0	2.80339187802226	0	0	0	0	0	0	2.72982497022695	3.43341538256556	4.42318334186605	3.26722631781314	4.72961232004125	0.577952589923404	3.64099040626728	2.43457590000406	0	2.60255235565318	4.25877435749968	2.30555907133333	1.45952158003367	4.34886923346106	4.19159922697682	3.49113018043628	3.77193995186150	3.71761019546210	0	1.82721220697414	0	5.05908577202956	5.27326474853154	4.34495509270065	4.88392569631569	5.06306295124982	0	4.69533820264228	5.33189926505199	4.73983077666514	0	4.57682023825191	0	2.73518785091085	4.98510628598332	2.93087676370269	0	3.13627745959099	0	2.72907269770213	0	0	0	3.18431472464462	0	4.49003904121791	4.71496273813346	3.92933046620825	3.90133841154011	1.39206276088676	2.44201504925498	1.04894776724512	0	0	0	3.18622539097493	0	1.44962591064383	0	0	0	1.84099555645302	0	3.60207067441366	0	0.756536901791338	0	2.32954627831567	0	0	0	0	0	0	0	0	0	0	0	0	0	0	0	0	0	0	0	0	0	0	0	0	0	0	0
0	0	3.37209271873989	4.18106403658907	4.01498371155331	2.16743136427197	0	0	0	2.34786704556011	0	0	0	0	0	2.21725420675275	0	0	0	0	2.72982497022695	0	3.95676072215933	4.07467797333258	4.47696386858989	2.31360931179729	0	1.25336963589651	0	0.904007741305351	3.62611034195384	1.64236904582791	2.67022151130914	0.749844611627183	4.49934999668741	4.33487958351958	0	2.66282609642556	0	2.57177114200934	0	0.988042531234381	0	4.94259759663945	4.31241030362947	4.21203276175244	4.50055873268095	3.42736039016335	4.88406882277807	5.13025110202282	4.89439037114835	4.70005785857728	0	5.38401335181453	0	3.47531304746646	0	2.39510380924608	0	3.30290790625146	0	0	0	0	0	0	4.68078880049193	4.10804020515928	0	0	4.29323946943337	1.48714858471061	0	0.396456227057662	0	0	0	3.43227861525020	0	0	0	0	0	3.56063149774552	0	3.69676137526151	0	3.64209631177733	0	2.32462041969836	0	0	0	0	0	0	0	0	0	0	0	0	0	0	0	0	0	0	0	0	0	0	0	0	0	0
3.12463601445256	0	2.84282908249044	4.57023194540806	3.78012263960584	4.55320774448351	2.83133465749861	0	0	0	2.97936912496717	0	3.32194806286896	0	3.04390313258491	0	0	0	3.40364542149377	4.13370559492990	3.43341538256556	3.95676072215933	0	4.74584669999286	2.92044343890891	4.38212526268921	3.71420183690527	4.58773135275140	3.23203076987311	0	3.40689768199094	4.10045329387106	3.58212952502140	4.08086347459550	3.53217720666929	3.97419805945888	4.78754473133054	0	4.21878681596540	0	0	0	3.98651501263048	2.92405713119262	3.99643720711097	4.14728893554269	4.96556942453767	4.50536899199326	4.89285207681384	0	4.54437968389694	0	5.12206162743109	0	4.14352932307691	0	3.37462835330499	0	4.45028768814247	0	3.37846263386632	0	0	0	2.93540887197710	0	4.04351377267600	3.63869482360389	4.60248161660878	0	3.90759930274748	0	3.51424209405562	0	4.80477823613576	0	4.70482917018118	4.80004797539627	0	0	0	0	0	0	3.96208939106538	0	0	0	4.30276316174835	0	4.75156436461453	0	4.72274086377530	0	5.23531187053080	0	4.86743658351871	0	4.63577774199319	0	4.97067500696790	0	5.01976697269458	0	5.20381418327855	0	0	0	0	0	3.80345089916879	0	0	0	0	0
0	3.83000734448100	4.39647853359946	4.07267026614053	4.73949504269760	2.60875272483536	4.20845924329412	3.71755260156848	0	0	0	3.87079011304487	0	3.66794900857244	0	0	0	3.33812743010924	4.26854845523956	0.0748112406786948	4.42318334186605	4.07467797333258	4.74584669999286	0	4.63615480699085	2.33204516006238	4.89461539501692	1.21158933775942	0	4.40739371619377	5.04568906388694	4.75477408199272	4.18989610325364	3.27663048939348	4.78554067358680	2.89782456764854	4.94188027766644	4.09890738077024	0	4.25865285556874	0	0	4.34183215840793	2.93448302446775	3.56672552198986	3.27663664793034	0	4.41741243101638	0	0	0	5.43738137953816	0	0	0	4.09491869510405	0	4.19810175974489	4.43403528875201	4.77661063505606	0	0	0	0	0	4.03081394207877	3.88753275293080	3.00324870196093	0	3.87277429874081	4.93539159505653	4.45827769647845	0	4.54157551983209	0	5.36756712748976	4.81668302081768	4.81932752914246	0	0	0	0	0	0	0	0	0	0	0	4.44308512696416	0	5.18222922602560	0	5.53340863780329	0	4.74936314487167	0	0	0	0	0	0	0	5.71654384908046	5.20953633715536	5.27199702521393	0	0	0	5.14438685073841	0	5.02958041752537	0	5.67653225136868	0	5.73615531274381
0	0	2.32317693144014	4.71989063236990	3.06161508691902	4.34477342514154	0	0	0	0	0	0	0	0	3.50078035218869	0	0	0	0	0	3.26722631781314	4.47696386858989	2.92044343890891	4.63615480699085	0	0	3.30496659750901	0	3.50512481339433	0	4.00175211996897	4.06516184831566	2.88590522058421	3.21561091143582	4.32802652637113	4.52881296234537	4.41374223069729	4.59467587186035	2.45435084860461	0	3.08454202856043	0	4.10530544580792	4.80173771583984	3.61029763025921	0	4.93317204302426	0	4.38337060219662	0	4.57461800146295	0	0	0	3.91001469012689	4.46286818164156	3.99991195486976	0	4.15346584915554	0	0	0	0	0	0	0	3.54865688422738	4.41161659505679	0	0	3.91591772067107	4.17887443055210	3.60285002821920	0	4.47214645983757	0	4.75803913276000	0	0	0	0	0	0	0	4.21893359675229	0	0	0	3.88755214305218	0	0	0	4.73657540586903	0	5.43100494980120	0	0	0	0	0	0	0	4.89924557988220	0	5.02215713594352	0	0	0	0	0	0	0	0	0	0	0
0	0	4.39549499621965	1.69005702581487	4.55563594059437	2.81023100718794	0	0	0	2.64602206860680	0	0	0	0	0	2.69855025085153	0	0	0	0	4.72961232004125	2.31360931179729	4.38212526268921	2.33204516006238	0	0	0	1.83244870844849	0	0	4.36290508949138	1.96172082673952	3.08269938230162	0.673323761468716	4.14317261649446	1.98524464966171	3.95490033975132	3.99158396959096	0	2.97213018964469	0	2.80868906807686	3.92403530450731	3.79012356155142	3.81481365999683	3.16486553288055	4.94033610410036	4.21082443025260	0	5.19594073282901	4.74026413715156	4.58058169368090	0	5.31284777858252	0	3.88668994188647	0	3.60931049609694	0	4.40616441323687	0	0	0	0	0	0	3.26324887772400	1.47611762181001	0	0	4.20528666628060	4.26747574700180	0	3.54518546365418	0	4.42720153137370	0	4.92342577042511	0	0	0	0	0	0	0	4.16190288853483	0	3.14310491542651	0	3.73000296365260	0	0	0	5.67328830754069	0	0	0	0	0	0	0	0	0	5.82185275160668	0	5.23445989189324	0	0	0	5.34590183341840	0	0	0	5.73806508127475	5.73785564336810	5.72649953630417
3.70358845566447	0	0	4.73129365917003	2.24759751697516	0	0	0	1.44651546947832	0	0	0	0	0	1.61944834611918	0	0	0	0	0	0.577952589923404	0	3.71420183690527	4.89461539501692	3.30496659750901	0	0	0	2.32949864970241	0	4.91210114508756	4.60597441372068	2.42596937644097	0	4.51907281168611	4.51066315437336	3.61326197997301	4.50378353662709	3.77992544652331	0	1.96792665387309	0	5.08750846950396	5.18847088522095	4.24555369092087	0	5.18163409234570	0	4.67118681178861	5.18910284619911	4.71345155107071	0	4.43922654663083	0	2.80267051536365	3.87141899005827	3.47033835765188	0	3.27294578270905	0	0	0	0	0	0	0	3.23913242141045	4.70375126179248	0	0	0.920651730247241	2.04236167303514	1.30787666753366	0	0	0	3.37303440864326	0	0	0	0	0	0.959877544105443	0	3.49700208745273	0	1.08092874165161	0	2.47606170168778	4.36819556504917	0	0	0	0	0	0	0	0	0	0	0	0	0	0	0	0	0	0	0	0	0	0	0	0	0	0
0	0	0	3.21876132675740	0	2.40835837334064	0	0	0	3.36651574538098	0	0	0	0	0	1.85396231783827	0	0	0	0	3.64099040626728	1.25336963589651	4.58773135275140	1.21158933775942	0	1.83244870844849	0	0	0	1.45543960516934	3.89714418928773	0.658154691748771	0	0	4.49307209382408	4.30716165366384	4.13786110203408	2.39219177806500	0	2.48784290932060	0	0.570341259025712	4.19665213474352	4.86575824487851	4.44821095558899	4.16260612478575	4.48716259201592	3.52870366537941	4.85631885515532	5.13337297341160	4.78032204011354	4.34983397997810	0	5.27095481636359	0	3.17373571563246	0	2.11682021953705	0	3.31906328760090	0	0	0	0	0	0	4.39222200533201	4.06244365368830	0	0	3.04698114625530	2.12729489402246	0	0.360362465976233	0	0.367659042748483	0	3.79407975757999	0	0	0	0	0	3.06243405541124	4.85415321562841	2.89904220306706	0	2.71968215138604	4.17619639700128	1.98794676629693	0	0	0	0	0	0	0	0	0	0	0	0	0	0	0	0	0	0	0	0	0	0	0	0	0	0
3.96955280755267	0	2.73177456003384	4.44693278866753	2.02503259284280	0	2.70381312249160	0	3.42664260924324	0	0.224334085613369	0	3.71145879515670	4.75847463964750	3.41827556411097	0	3.72517842523008	0	2.38729631981489	0	2.43457590000406	0	3.23203076987311	0	3.50512481339433	0	2.32949864970241	0	0	0	0	0	0	0	0	0	4.78377812596832	5.10023529826700	4.46844555957029	0	0	0	5.12288392742094	0	0	0	5.51520882147861	0	4.44724922051617	0	4.60310308712131	0	4.36868860131080	0	4.08196620549351	0	3.35562097700043	0	3.12384658066086	0	2.47992909952738	0	4.14969754723084	0	2.82261198537035	0	2.99440339858628	5.05957468004353	2.86850586302004	0	2.30029526842832	0	2.16579493870817	4.98435236543012	4.73777617074673	0	4.96707072108235	0	4.49782325208469	0	4.89621205836243	0	3.20964773996794	0	4.37044014180346	0	1.53349151679712	0	3.71586624932122	0	4.05320295142836	0	4.22467191413731	0	5.36709324487310	0	4.73903320282927	0	4.18126325099527	0	4.51430584235044	0	4.59136582854198	0	5.23798064353828	0	0	0	0	0	0	0	0	0	5.49363875889279	0
0	2.34825828042692	0	3.66555256740308	0	2.20594039812270	0	3.34554130318180	0	3.19229492093761	0	4.09091487871674	0	3.44656922088624	0	3.09124978412297	0	4.31722916413475	0	2.58956855072854	0	0.904007741305351	0	4.40739371619377	0	0	0	1.45543960516934	0	0	0	0	0	0	5.08424517816679	0	0	3.61341560915561	0	0	0	2.74064310955613	0	5.88026926183965	0	5.25591090365619	0	5.05038594230794	0	5.18969256412472	0	4.65701735403951	0	5.96518691896065	0	5.69242032225536	0	2.74549013730085	0	3.81645654527473	0	0	0	3.96077948673508	0	4.32292005938885	0	4.12625350850404	0	0	0	3.62321318164023	0	2.38713524216888	0	2.78387966103493	0	0	0	3.26336025287605	0	4.50359323912963	0	3.44703643383018	0	4.22445151413133	0	3.37305071751659	0	5.41786839401242	0	0	0	0	0	0	0	0	0	0	0	0	0	0	0	0	0	0	0	0	0	0	0	0	0	0
0	0	3.15084843177822	4.91783844551908	3.22744959297934	4.59161988906227	0	0	0	0	0	0	0	0	0	0	0	0	4.33035019869504	4.29684268566182	2.60255235565318	3.62611034195384	3.40689768199094	5.04568906388694	4.00175211996897	4.36290508949138	4.91210114508756	3.89714418928773	0	0	0	4.28103916750816	2.69069525569408	3.98777721786464	3.21697990374555	0	2.77390943218160	2.78866671392726	2.16691589150266	0	1.61265313160048	0	3.73210393329673	4.42955199051779	3.70174368556998	0	0	0	4.53724294443284	0	0	0	0	0	2.09710579026895	3.44213564113324	0	0	4.24879737162513	0	0	0	0	0	0	0	3.61397402306835	2.87823786838037	4.55879215432620	3.77659575694889	0	0	0	0	0	0	0	0	0	0	0	0	0	0	0	0	0	3.11209840700031	2.81995923526331	2.80179581050457	0	0	0	0	0	0	0	0	0	0	0	0	0	0	0	0	0	0	0	0	0	0	0	0	0	0
0	0	3.81789452765599	4.46905972331291	4.14261026011345	4.19809754844676	3.83980115725680	0	0	0	0	0	0	0	0	0	0	0	4.28713387804490	3.75226662338166	4.25877435749968	1.64236904582791	4.10045329387106	4.75477408199272	4.06516184831566	1.96172082673952	4.60597441372068	0.658154691748771	0	0	4.28103916750816	0	4.30753991428520	2.56676665641694	3.84522116171862	1.78514454126102	0	0	0	0	0	0	3.97793248367657	2.36798671270987	3.19935720986345	2.11430348757225	0	2.88473688219357	0	0	0	0	0	0	0	0	0	0	4.82128518371139	0	0	0	0	0	0	0	3.72223988409868	2.42898476297895	4.73310227661854	2.82956840520087	0	0	0	0	0	0	0	0	0	0	0	0	0	0	0	0	0	0	0	0	0	0	0	0	0	0	0	0	0	0	0	0	0	0	0	0	0	0	0	0	0	0	0	0	0	0
0	0	4.13529986547902	4.04715592415973	0	0	0	0	0	0	0	0	0	0	0	0	0	0	4.02069115904940	4.24874556533509	2.30555907133333	2.67022151130914	3.58212952502140	4.18989610325364	2.88590522058421	3.08269938230162	2.42596937644097	0	0	0	2.69069525569408	4.30753991428520	0	4.59645316502848	2.28556363957047	0	0	0	0	0	0	0	3.57681134317025	0	4.16995879098570	0	0	0	5.61151985871350	0	0	0	0	0	0	0	0	4.49379796799752	4.68073934107631	4.19043524397936	0	0	0	0	0	0	4.45249254785996	4.92035585854357	4.39258625417005	4.28748251636820	0	0	0	0	0	0	0	0	0	0	0	0	0	0	0	0	0	0	0	0	0	0	0	0	0	0	0	0	0	0	0	0	3.78031346193074	0	0	0	0	0	0	0	0	0	0	0	0	0
0	1.15954924898271	4.24278551497086	2.07307653828969	0	0	0	0	0	0	0	0	0	0	0	0	0	0	4.26241781214045	3.38872277817296	1.45952158003367	0.749844611627183	4.08086347459550	3.27663048939348	3.21561091143582	0.673323761468716	0	0	0	0	3.98777721786464	2.56676665641694	4.59645316502848	0	4.64314530625210	2.29403590275912	0	0	0	0	0	0	4.84563437552877	3.05465397973017	5.00955429649959	2.76956810296269	0	3.54567453155571	6.18800988703909	0	0	0	0	0	0	0	0	3.54143307175466	4.67097787824632	1.48631270673902	0	0	0	0	0	0	4.72431594353907	3.33285176659877	4.64260220126783	3.70344247719362	0	0	0	0	0	0	0	4.12597144187364	0	0	0	0	0	0	0	0	0	0	0	0	0	0	0	0	0	0	0	0	0	0	0	0	0	0	0	0	0	0	0	0	3.39925075165964	0	0	0	0	0
0	0	0	4.66588544028580	4.57647916585892	4.67239285361633	0	0	0	5.22207321363034	0	0	0	0	0	5.38982666967953	0	0	0	0	4.34886923346106	4.49934999668741	3.53217720666929	4.78554067358680	4.32802652637113	4.14317261649446	4.51907281168611	4.49307209382408	0	5.08424517816679	3.21697990374555	3.84522116171862	2.28556363957047	4.64314530625210	0	4.94820028462428	3.79951324641269	4.93178849623028	3.85477024311399	5.23421313550547	4.10819581745571	4.78775428687278	0	4.82805534692668	4.66253051144665	4.57195099731334	0	5.33876818641305	4.90474792525056	5.02854646696932	0	5.25996595639320	0	0	0	4.72846031637081	0	0	5.57058794471255	4.60826650985794	0	0	0	0	0	0	4.02200539325680	4.97134672745306	0	0	4.00791332351003	4.33371448625266	0	5.37275624144118	0	0	0	4.55485338488446	0	0	0	0	0	4.70731992761178	0	0	4.24471681882458	4.52739331179052	4.35673902543849	5.12407311625553	0	4.81746491694872	0	0	0	0	0	0	0	0	0	0	0	5.35481221241487	4.42622129127664	5.30557523692221	0	0	0	0	0	0	0	0	0	5.18420732916973
0	0	4.41459301823372	4.47989018857111	4.46904109048224	4.66864383310883	0	0	4.54617592668753	5.11322026983655	0	0	4.63219883108704	0	4.91999511351620	5.20496606994922	0	0	0	2.96577128851047	4.19159922697682	4.33487958351958	3.97419805945888	2.89782456764854	4.52881296234537	1.98524464966171	4.51066315437336	4.30716165366384	0	0	0	1.78514454126102	0	2.29403590275912	4.94820028462428	0	3.73547282367737	4.97548745432517	3.88921089814047	5.23380198525106	4.15410812540724	4.74385460878316	0	0	5.06315767188218	4.58314568041009	5.00806228407005	0	5.05448771875009	4.64361522856894	4.40067569808521	0	3.94735100467670	0	0	3.76490152961096	0	0	5.80759032160978	4.84177619156556	0	0	0	0	0	0	5.65014944394115	4.19246179294773	0	0	4.15838357568318	4.25707222697507	4.27133087684818	4.83081525008824	0	0	3.99961274587975	4.37392062882069	0	0	0	0	0	0	0	0	4.17659533975830	4.35490321069803	4.26951005250495	4.53257154962208	3.97851098227057	4.58998339635038	0	0	0	0	4.33431800474813	0	0	0	0	0	4.28907029124126	5.35483975264382	4.67823787284709	5.24022577023205	0	0	0	0	0	0	0	0	0	0
3.91116568323182	3.48171566297961	4.67789011345238	4.61319987815473	4.18767699893248	4.43665834529483	4.76051833635910	4.57441422956489	3.21725253282527	4.73926136002747	0	0	4.85444312693117	5.04828809943854	3.51713122511826	5.10468704143112	0	0	3.96766097373244	0	3.49113018043628	0	4.78754473133054	4.94188027766644	4.41374223069729	3.95490033975132	3.61326197997301	4.13786110203408	4.78377812596832	0	2.77390943218160	0	0	0	3.79951324641269	3.73547282367737	0	4.36002594025144	2.42614821466737	4.68850252127161	2.43675669829515	4.30362514957507	5.16360333714020	5.18610603249787	3.54727455831342	4.25862780663509	4.01297827873412	4.31238701488173	4.61887988085621	4.39010728741735	4.72610763775611	5.13149605530338	4.34686049401736	4.72065523208538	2.76982682703584	4.53772725119692	3.49554423469915	2.85495819581127	3.19696725638877	4.44912497464684	3.34666407009337	0	0	0	3.35245788030387	0	3.91225530280788	4.59714341110952	3.64940984728092	0	3.90968921280028	4.29367178087851	4.45896843688257	5.10910609133171	4.53511736986702	0	3.43416536362971	4.10755092540691	0	0	0	4.34168149181798	3.89327399890044	0	3.68015533668201	4.87396352070116	1.07426970261344	3.98924241239287	3.09728673220928	4.48647618146550	3.25029052139060	4.50906469480355	2.87741200783116	4.59201460125012	2.71475269385067	0	2.82475895585838	0	3.13733288863992	4.49635086598635	3.08894323029732	0	3.75228028166478	4.75521252277578	4.22621915407347	0	0	0	0	0	4.05512675653845	0	0	0	0	0
3.75002380399458	1.58529260038757	4.62816748607460	4.04942505870555	4.64522894902007	3.03754619529444	4.64207068823811	4.34468188740725	4.72405517022956	3.94185372235517	0	0	5.24657637507676	4.15365860201570	4.83529646471677	4.03740935601255	0	0	0	3.32722281931374	3.77193995186150	2.66282609642556	0	4.09890738077024	4.59467587186035	3.99158396959096	4.50378353662709	2.39219177806500	5.10023529826700	3.61341560915561	2.78866671392726	0	0	0	4.93178849623028	4.97548745432517	4.36002594025144	0	4.50990229486734	3.45904657199965	4.33180603269182	2.97608957404408	5.10081140165312	5.80546458926377	4.81218611172059	4.76424490199712	4.79499409679096	4.41396043222692	4.30699731662057	5.78820885256587	4.78173242425119	5.11893723941340	0	5.56474612599758	4.15472930902189	3.22983529536760	4.04093352774169	1.98515642577917	4.96682130095914	4.12059370441716	0	0	0	4.03172097432982	0	3.57190746915202	4.60577631112024	4.71967026617750	0	2.38854280569400	4.22384519418035	3.40172030039513	4.52478294791133	3.95584927678211	0	2.75708857255796	4.25634404329500	2.94575662592195	0	0	0	3.96303406418247	0	2.41020684502088	4.89394017802808	4.20067679223039	0	2.42696505715958	4.46000089443102	3.76556709046231	4.34044718125229	3.39398781874702	4.25466832296215	3.49853695580470	0	4.21965642843306	4.97298223174798	4.24335883502388	4.55945659883032	3.25267881551787	0	3.22097663697761	0	3.76645837009708	4.88495510787203	4.11503023650827	0	0	0	4.32683289920885	3.83643785787279	3.30855323360394	0	5.11123657838319	0	3.74908497090610
2.85086028809216	0	4.36023112990897	0	0.911740509708806	0	0	0	0.469614411629311	0	0	0	4.34706160072859	0	2.54338404428411	0	0	0	4.05703519338552	0	3.71761019546210	0	4.21878681596540	0	2.45435084860461	0	3.77992544652331	0	4.46844555957029	0	2.16691589150266	0	0	0	3.85477024311399	3.88921089814047	2.42614821466737	4.50990229486734	0	0	3.41444336754096	0	2.53877805137295	0	2.38601329306339	4.54247264477815	2.16860901229099	4.39552372035955	4.02610311937668	4.47005398209133	4.12010981414456	0	3.76980992418878	0	2.14551524957398	4.18390267444216	3.13496663790332	0	3.28873160790641	0	4.01096084816398	0	0	0	3.83823597366594	0	2.16237074747913	4.45126531905180	3.04427208958679	0	3.33306534043521	0	3.70521709696429	0	0	0	2.44739945659150	4.36766289462076	0	0	0	0	2.45166359688941	0	3.71934761572378	0	1.64320067388412	0	2.93299601066747	4.20107608878220	3.25347951190911	0	2.24095011394849	0	3.33618666844499	0	2.19038351957202	0	3.70033090868535	0	2.54416035860170	0	2.89773146612136	0	4.64998108754353	0	0	0	0	0	4.12787639974611	0	3.29551594285129	0	0	0
0	0	0	4.06098440041278	0	3.12075083436916	0	0	0	2.67848686951833	0	0	0	4.40412956841635	0	3.02445980182139	0	0	0	0	0	2.57177114200934	0	4.25865285556874	0	2.97213018964469	0	2.48784290932060	0	0	0	0	0	0	5.23421313550547	5.23380198525106	4.68850252127161	3.45904657199965	0	0	0	2.65880765954932	0	3.35895028307795	4.08251747131397	3.51574254159932	4.96666833784160	2.78991603477647	4.39268257020097	4.63159171315359	5.06565561918781	5.03239681039899	0	5.04446309947579	0	2.92551684412576	0	3.30212219319915	5.45837791786664	4.60414945228093	0	0	0	0	0	4.50323058421411	4.74169113126883	3.33468278210268	0	3.58625780784448	0	3.44871198710253	0	0	0	0	4.61180174929521	2.91449481843256	0	0	0	0	0	2.66244095187146	0	4.89721949382088	0	1.62049632750010	0	3.05297640202239	0	3.17731063377441	0	3.20306217400388	0	1.28256019705364	0	1.46322479526036	0	3.18265934639904	0	2.73784560838664	0	3.14630048150376	0	3.55257608206764	0	0	0	0	3.49407035200233	2.93688948721276	2.84989101938415	0	0	0
0	0	0	0	2.86316206795280	0	0	0	0	0	0	0	0	0	3.24855695404663	0	0	0	0	0	1.82721220697414	0	0	0	3.08454202856043	0	1.96792665387309	0	0	0	1.61265313160048	0	0	0	4.10819581745571	4.15410812540724	2.43675669829515	4.33180603269182	3.41444336754096	0	0	0	4.89046493906301	5.10433661925726	3.18295318790642	4.83889803384879	3.66088530623515	4.27032417706104	4.17744314312431	5.28475119183859	4.31139841496051	5.00247153503130	4.37220573921274	0	2.24989780953104	4.58011251294831	2.82237660450304	0	3.13701611977836	4.36721310405628	0	0	0	0	3.20195628980698	0	2.75839297858870	4.56081368090858	3.96999567103973	0	0.848229960150513	0	0.277219225975239	0	0	0	3.13114654625898	4.34566376466430	0	0	0	0	1.70575785357997	0	3.55468042113057	0	0.0489906271998829	0	2.29572048883022	4.59748202157054	0	0	3.62724887277831	0	0	0	2.23185609460819	0	0	0	3.76805796555108	0	3.51522979573041	0	3.09494479707160	0	0	0	0	0	0	0	0	0	4.20631624531556	0
