0.00000 0.00000 0.00350 0.00000 0.00000 0.00000 0.00000 0.03950 0.00000 0.00149 0.00155 0.00803 0.00000 0.00077 0.00348 0.00047 0.00000 0.00000 0.00013 0.00000 0.08892 0.00000 0.02776 0.02603 0.00000 0.00763 0.00038 0.00000 0.00000 0.00000 0.00000 0.00000 0.00037 0.00022 0.00076 0.00032 0.00000 0.00000 0.00000 0.01622 0.00453 0.00000 0.00000 0.00000 0.00000 0.00000 0.00000 0.00000 0.00000 0.00000 0.00000 0.00000 0.00000 0.00000 0.00000 0.00000 0.00000 0.00000 0.00000 0.00000 0.00000 0.00000 0.00000 0.00000 0.00008 0.00417 0.00000 0.00000 0.00000 0.00000 0.00000 0.00000 0.00000 0.00006 0.00000 0.00012 0.00000 0.00000 0.00000 0.00000
0.00000 0.00000 0.00000 0.00000 0.00877 0.04989 0.03949 0.00000 0.01069 0.00107 0.00000 0.00000 0.01505 0.00000 0.00000 0.03876 0.00177 0.00433 0.00000 0.00675 0.00000 0.06795 0.00016 0.00000 0.06494 0.02438 0.01026 0.00302 0.00283 0.00010 0.00056 0.00000 0.00295 0.00984 0.09924 0.00911 0.00839 0.00280 0.00038 0.00000 0.00018 0.11974 0.00000 0.00000 0.00000 0.00007 0.00004 0.00000 0.00000 0.00000 0.00000 0.00000 0.00000 0.00000 0.00000 0.02872 0.00021 0.00421 0.00000 0.00011 0.00014 0.01645 0.00000 0.00000 0.02614 0.05091 0.00007 0.00086 0.00003 0.00000 0.00000 0.00000 0.00024 0.00249 0.05326 0.00221 0.00000 0.00000 0.00000 0.00000
0.00350 0.00000 0.00000 0.00183 0.00171 0.00064 0.00109 0.02182 0.01627 0.00129 0.03557 0.00130 0.00085 0.00819 0.00000 0.00000 0.00011 0.00000 0.07169 0.00000 0.00341 0.00000 0.06531 0.00099 0.00053 0.00176 0.04219 0.00338 0.00000 0.00000 0.00133 0.00000 0.00290 0.00510 0.00020 0.00828 0.00000 0.01032 0.00122 0.00000 0.00000 0.00000 0.00282 0.00000 0.00008 0.00047 0.00000 0.02454 0.00286 0.00000 0.00106 0.00000 0.00000 0.00020 0.00000 0.00000 0.00000 0.00000 0.00170 0.00000 0.00000 0.00000 0.00155 0.00000 0.00000 0.00000 0.01125 0.00013 0.00000 0.00000 0.00000 0.00000 0.00000 0.00105 0.00013 0.00292 0.00000 0.00657 0.00045 0.00000
0.00000 0.00000 0.00183 0.00000 0.04869 0.00025 0.00182 0.04205 0.00272 0.01865 0.02443 0.00327 0.00000 0.15614 0.00022 0.00000 0.00026 0.00000 0.00165 0.00152 0.00023 0.00115 0.00824 0.00000 0.00003 0.00027 0.00407 0.00000 0.00007 0.00018 0.01219 0.00000 0.00655 0.01204 0.00081 0.00292 0.00000 0.07083 0.01150 0.00000 0.00000 0.00000 0.00000 0.00000 0.00000 0.00000 0.00000 0.00000 0.00005 0.00006 0.00008 0.00000 0.00000 0.00000 0.00000 0.00000 0.00000 0.00000 0.00000 0.00000 0.00000 0.00000 0.00000 0.00000 0.00000 0.00000 0.00014 0.00000 0.00000 0.00000 0.00000 0.00000 0.00000 0.00000 0.00011 0.00012 0.00000 0.00008 0.00000 0.00000
0.00000 0.00877 0.00171 0.04869 0.00000 0.02145 0.12093 0.00738 0.07873 0.00352 0.06983 0.00242 0.00669 0.05200 0.00000 0.00167 0.00070 0.00193 0.00693 0.00000 0.00000 0.00069 0.00443 0.00007 0.00815 0.00155 0.01948 0.00119 0.00005 0.00000 0.03879 0.00000 0.00247 0.02072 0.00625 0.00761 0.00037 0.03146 0.00397 0.00048 0.00000 0.00000 0.00054 0.00000 0.00000 0.00097 0.00003 0.00055 0.00124 0.00000 0.00027 0.00000 0.00000 0.00000 0.00000 0.00000 0.00000 0.00000 0.00030 0.00000 0.00000 0.00000 0.00192 0.00000 0.00000 0.00000 0.00614 0.00000 0.00016 0.00000 0.00000 0.00000 0.00004 0.00052 0.00000 0.00072 0.00000 0.00186 0.00000 0.00000
0.00000 0.04989 0.00064 0.00025 0.02145 0.00000 0.06413 0.00012 0.04442 0.00657 0.00013 0.00208 0.09119 0.00230 0.00000 0.00812 0.00224 0.00479 0.00006 0.00396 0.00000 0.01034 0.00287 0.00000 0.02146 0.00646 0.10140 0.03865 0.04497 0.00022 0.00444 0.00039 0.01042 0.01289 0.00402 0.02959 0.00381 0.00691 0.00493 0.00019 0.00000 0.00000 0.00020 0.00000 0.00021 0.00367 0.00041 0.00413 0.00238 0.00003 0.00028 0.00000 0.00010 0.00000 0.00000 0.00000 0.00000 0.00000 0.00020 0.00000 0.00000 0.00031 0.00450 0.00000 0.00006 0.00015 0.01465 0.00012 0.00018 0.00000 0.00016 0.00000 0.00028 0.00127 0.00000 0.00188 0.00000 0.00228 0.00048 0.00000
0.00000 0.03949 0.00109 0.00182 0.12093 0.06413 0.00000 0.00064 0.07227 0.00835 0.02237 0.00355 0.11422 0.00740 0.00000 0.01617 0.00518 0.01970 0.00880 0.00158 0.00000 0.00985 0.00142 0.00000 0.03075 0.00294 0.01401 0.00524 0.01044 0.00025 0.02331 0.00000 0.00537 0.02619 0.00709 0.00824 0.00249 0.01729 0.00149 0.00061 0.00000 0.00004 0.00020 0.00000 0.00019 0.00168 0.00049 0.00093 0.00073 0.00000 0.00004 0.00000 0.00006 0.00000 0.00000 0.00000 0.00000 0.00000 0.00012 0.00018 0.00000 0.00005 0.00320 0.00000 0.00000 0.00000 0.00895 0.00003 0.00028 0.00000 0.00000 0.00000 0.00003 0.00049 0.00000 0.00222 0.00041 0.00094 0.00005 0.00000
0.03950 0.00000 0.02182 0.04205 0.00738 0.00012 0.00064 0.00000 0.00541 0.00082 0.02175 0.01307 0.00006 0.04904 0.00055 0.00000 0.00000 0.00000 0.01514 0.00006 0.04969 0.00008 0.04876 0.01873 0.00021 0.00545 0.01477 0.00053 0.00008 0.00118 0.00314 0.00000 0.00025 0.00109 0.00041 0.00117 0.00000 0.01878 0.00169 0.00690 0.00000 0.00000 0.01598 0.00000 0.00023 0.00132 0.00009 0.05752 0.01185 0.00000 0.00505 0.00000 0.00004 0.00030 0.00357 0.00000 0.00000 0.00000 0.01579 0.00049 0.00065 0.00004 0.02233 0.00000 0.00000 0.00000 0.05244 0.00099 0.00020 0.00000 0.00000 0.00000 0.00061 0.00311 0.00013 0.00294 0.00000 0.00192 0.00016 0.00000
0.00000 0.01069 0.01627 0.00272 0.07873 0.04442 0.07227 0.00541 0.00000 0.02640 0.05134 0.01176 0.04141 0.00744 0.00000 0.00093 0.00667 0.00897 0.02887 0.00039 0.00000 0.00146 0.00304 0.00020 0.01805 0.00914 0.05999 0.04233 0.00019 0.00411 0.01780 0.00000 0.03529 0.03231 0.01282 0.08593 0.00425 0.02767 0.01065 0.00345 0.00000 0.00000 0.00676 0.00012 0.00115 0.00458 0.00109 0.02602 0.02166 0.00003 0.00549 0.00000 0.00002 0.00016 0.00000 0.00000 0.00000 0.00000 0.00553 0.00000 0.00000 0.00000 0.01506 0.00000 0.00014 0.00015 0.03811 0.00000 0.00003 0.00000 0.00000 0.00000 0.00011 0.00231 0.00031 0.00506 0.00094 0.01028 0.00095 0.00009
0.00149 0.00107 0.00129 0.01865 0.00352 0.00657 0.00835 0.00082 0.02640 0.00000 0.00856 0.04170 0.01247 0.00032 0.00000 0.00828 0.04556 0.01724 0.00553 0.00383 0.00175 0.00250 0.00161 0.00197 0.01652 0.00759 0.00931 0.04495 0.00462 0.00804 0.01956 0.00010 0.08960 0.03572 0.04573 0.03398 0.02762 0.00611 0.00348 0.00342 0.00000 0.00000 0.00000 0.00000 0.00000 0.00024 0.00000 0.00005 0.00004 0.00301 0.00000 0.00254 0.00000 0.00000 0.00000 0.00000 0.00104 0.00000 0.00000 0.00000 0.00000 0.00000 0.00022 0.00447 0.00601 0.00546 0.00198 0.00000 0.00000 0.00457 0.00000 0.00000 0.00120 0.00098 0.05160 0.00132 0.00010 0.00070 0.00000 0.00219
0.00155 0.00000 0.03557 0.02443 0.06983 0.00013 0.02237 0.02175 0.05134 0.00856 0.00000 0.00562 0.00492 0.07506 0.00000 0.00000 0.00117 0.00111 0.08257 0.00000 0.00189 0.00000 0.03695 0.00091 0.00282 0.00313 0.02113 0.00371 0.00000 0.00071 0.01486 0.00000 0.00865 0.00760 0.00318 0.01523 0.00043 0.02205 0.00204 0.00055 0.00000 0.00000 0.00155 0.00000 0.00004 0.00004 0.00000 0.00509 0.00319 0.00000 0.00065 0.00000 0.00000 0.00000 0.00000 0.00000 0.00000 0.00000 0.00132 0.00000 0.00000 0.00000 0.00549 0.00000 0.00000 0.00000 0.00732 0.00000 0.00000 0.00000 0.00000 0.00000 0.00000 0.00053 0.00017 0.00325 0.00008 0.00543 0.00027 0.00000
0.00803 0.00000 0.00130 0.00327 0.00242 0.00208 0.00355 0.01307 0.01176 0.04170 0.00562 0.00000 0.00162 0.00008 0.00008 0.00000 0.00000 0.00000 0.00365 0.00028 0.01712 0.00011 0.01134 0.01488 0.00088 0.01024 0.00420 0.00084 0.00006 0.01412 0.00072 0.00000 0.03796 0.01894 0.06073 0.04052 0.00646 0.01525 0.00990 0.01848 0.00000 0.00000 0.00000 0.00000 0.00000 0.00014 0.00000 0.00000 0.00000 0.00059 0.00000 0.00525 0.00000 0.00000 0.00000 0.00000 0.00011 0.00000 0.00000 0.00000 0.00000 0.00000 0.00014 0.00689 0.00198 0.00365 0.00066 0.00000 0.00000 0.00829 0.00000 0.00000 0.00066 0.00147 0.02126 0.00239 0.00017 0.00448 0.00035 0.00437
0.00000 0.01505 0.00085 0.00000 0.00669 0.09119 0.11422 0.00006 0.04141 0.01247 0.00492 0.00162 0.00000 0.00000 0.00000 0.01287 0.00448 0.01586 0.00480 0.00120 0.00000 0.00673 0.00076 0.00000 0.01654 0.00308 0.00874 0.08044 0.02223 0.00015 0.02883 0.00005 0.00852 0.01249 0.00238 0.00809 0.00037 0.00322 0.00000 0.00013 0.00000 0.00000 0.00000 0.00000 0.00002 0.00038 0.00005 0.00019 0.00000 0.00000 0.00000 0.00000 0.00003 0.00000 0.00000 0.00000 0.00000 0.00000 0.00000 0.00006 0.00000 0.00000 0.00089 0.00000 0.00000 0.00000 0.00345 0.00000 0.00033 0.00000 0.00000 0.00000 0.00000 0.00019 0.00000 0.00057 0.00000 0.00019 0.00000 0.00000
0.00077 0.00000 0.00819 0.15614 0.05200 0.00230 0.00740 0.04904 0.00744 0.00032 0.07506 0.00008 0.00000 0.00000 0.00105 0.00000 0.00000 0.00000 0.00749 0.00506 0.00063 0.00302 0.01827 0.00000 0.00000 0.00147 0.01003 0.00004 0.00086 0.00000 0.01386 0.00000 0.00006 0.00701 0.00092 0.00502 0.00046 0.05348 0.00260 0.00000 0.00000 0.00000 0.00000 0.00000 0.00000 0.00000 0.00000 0.00043 0.00000 0.00000 0.00000 0.00000 0.00000 0.00000 0.00000 0.00000 0.00000 0.00000 0.00000 0.00000 0.00000 0.00000 0.00020 0.00000 0.00000 0.00000 0.00031 0.00000 0.00000 0.00000 0.00000 0.00000 0.00000 0.00000 0.00000 0.00000 0.00000 0.00000 0.00000 0.00000
0.00348 0.00000 0.00000 0.00022 0.00000 0.00000 0.00000 0.00055 0.00000 0.00000 0.00000 0.00008 0.00000 0.00105 0.00000 0.00000 0.00000 0.00000 0.00000 0.01671 0.04153 0.01961 0.01951 0.00036 0.00036 0.01817 0.00497 0.00024 0.00018 0.00000 0.00000 0.00000 0.00320 0.03250 0.01329 0.01228 0.00216 0.01284 0.00017 0.00000 0.00000 0.00032 0.00000 0.00000 0.00000 0.00000 0.00000 0.00227 0.00000 0.00000 0.00000 0.00000 0.00000 0.00000 0.05462 0.00000 0.00000 0.00000 0.00000 0.03294 0.05955 0.06121 0.00296 0.00000 0.00000 0.00973 0.00302 0.00021 0.00630 0.00000 0.00000 0.00000 0.00000 0.00578 0.00864 0.00069 0.00000 0.00106 0.00000 0.00000
0.00047 0.03876 0.00000 0.00000 0.00167 0.00812 0.01617 0.00000 0.00093 0.00828 0.00000 0.00000 0.01287 0.00000 0.00000 0.00000 0.00673 0.08240 0.00000 0.00424 0.00006 0.04456 0.00014 0.00000 0.02096 0.05896 0.00253 0.01764 0.01919 0.00000 0.00000 0.00008 0.02770 0.00371 0.05970 0.00309 0.00154 0.00000 0.00000 0.00000 0.00037 0.02417 0.00000 0.00000 0.00000 0.00000 0.00000 0.00000 0.00000 0.00006 0.00000 0.00000 0.00000 0.00000 0.00000 0.01550 0.00057 0.01210 0.00000 0.00000 0.00000 0.00091 0.00000 0.00000 0.02274 0.00909 0.00000 0.00004 0.00000 0.00011 0.00000 0.00000 0.00000 0.00088 0.03195 0.00125 0.00000 0.00000 0.00000 0.00000
0.00000 0.00177 0.00011 0.00026 0.00070 0.00224 0.00518 0.00000 0.00667 0.04556 0.00117 0.00000 0.00448 0.00000 0.00000 0.00673 0.00000 0.04021 0.00258 0.00061 0.00000 0.00095 0.00000 0.00000 0.01749 0.00323 0.00238 0.00732 0.00226 0.00174 0.00000 0.00000 0.01374 0.05721 0.06960 0.01878 0.01699 0.00000 0.00000 0.00000 0.00000 0.00000 0.00000 0.00000 0.00000 0.00000 0.00000 0.00000 0.00000 0.00088 0.00000 0.00068 0.00000 0.00000 0.00000 0.00000 0.01607 0.00280 0.00000 0.00000 0.00000 0.00000 0.00000 0.00000 0.01087 0.00528 0.00009 0.00000 0.00000 0.00414 0.00000 0.00000 0.00000 0.00008 0.03159 0.00000 0.00000 0.00000 0.00000 0.00000
0.00000 0.00433 0.00000 0.00000 0.00193 0.00479 0.01970 0.00000 0.00897 0.01724 0.00111 0.00000 0.01586 0.00000 0.00000 0.08240 0.04021 0.00000 0.00142 0.00378 0.00000 0.00559 0.00016 0.00000 0.02622 0.01203 0.00433 0.01598 0.01231 0.00000 0.00098 0.00049 0.04091 0.05276 0.05783 0.02677 0.02053 0.00019 0.00000 0.00020 0.00013 0.00098 0.00000 0.00000 0.00000 0.00000 0.00000 0.00000 0.00000 0.00071 0.00000 0.00019 0.00000 0.00000 0.00000 0.00249 0.01260 0.01615 0.00000 0.00005 0.00000 0.00000 0.00000 0.00000 0.01974 0.00824 0.00014 0.00000 0.00000 0.00179 0.00000 0.00000 0.00000 0.00034 0.03543 0.00070 0.00000 0.00000 0.00000 0.00000
0.00013 0.00000 0.07169 0.00165 0.00693 0.00006 0.00880 0.01514 0.02887 0.00553 0.08257 0.00365 0.00480 0.00749 0.00000 0.00000 0.00258 0.00142 0.00000 0.00000 0.00025 0.00000 0.01778 0.00000 0.00180 0.00107 0.01823 0.00609 0.00000 0.00078 0.00659 0.00000 0.00730 0.00690 0.00259 0.01763 0.00000 0.01852 0.00387 0.00000 0.00000 0.00000 0.00170 0.00000 0.00000 0.00004 0.00000 0.01698 0.00237 0.00000 0.00078 0.00000 0.00000 0.00000 0.00000 0.00000 0.00000 0.00000 0.00076 0.00000 0.00000 0.00000 0.00223 0.00000 0.00000 0.00000 0.00505 0.00000 0.00000 0.00000 0.00000 0.00000 0.00000 0.00048 0.00020 0.00274 0.00016 0.00676 0.00000 0.00000
0.00000 0.00675 0.00000 0.00152 0.00000 0.00396 0.00158 0.00006 0.00039 0.00383 0.00000 0.00028 0.00120 0.00506 0.01671 0.00424 0.00061 0.00378 0.00000 0.00000 0.00025 0.11151 0.00338 0.00000 0.00208 0.00341 0.07719 0.01773 0.07239 0.00000 0.00530 0.00367 0.04464 0.09978 0.06087 0.09858 0.06229 0.05945 0.00519 0.00000 0.00000 0.00096 0.00000 0.00000 0.00002 0.00011 0.00015 0.00203 0.00000 0.00000 0.00000 0.00000 0.00027 0.00000 0.04944 0.00000 0.00000 0.00000 0.00000 0.07706 0.00170 0.04292 0.01635 0.00000 0.00000 0.00372 0.01398 0.00306 0.02520 0.00000 0.00000 0.00009 0.00009 0.00361 0.00303 0.00042 0.00007 0.00141 0.00005 0.00000
0.08892 0.00000 0.00341 0.00023 0.00000 0.00000 0.00000 0.04969 0.00000 0.00175 0.00189 0.01712 0.00000 0.00063 0.04153 0.00006 0.00000 0.00000 0.00025 0.00025 0.00000 0.00048 0.05515 0.03734 0.00035 0.01164 0.00327 0.00000 0.00027 0.00066 0.00000 0.00000 0.00005 0.00014 0.00021 0.00036 0.00000 0.00007 0.00000 0.01498 0.00069 0.00022 0.00000 0.00000 0.00000 0.00000 0.00000 0.00013 0.00000 0.00000 0.00000 0.00006 0.00000 0.00000 0.02140 0.00000 0.00000 0.00000 0.00000 0.00069 0.00641 0.00236 0.00208 0.00053 0.00000 0.00392 0.00230 0.00000 0.00000 0.00000 0.00000 0.00000 0.00000 0.00000 0.00000 0.00000 0.00000 0.00000 0.00000 0.00000
0.00000 0.06795 0.00000 0.00115 0.00069 0.01034 0.00985 0.00008 0.00146 0.00250 0.00000 0.00011 0.00673 0.00302 0.01961 0.04456 0.00095 0.00559 0.00000 0.11151 0.00048 0.00000 0.00084 0.00000 0.01480 0.05152 0.01170 0.02994 0.01541 0.00000 0.00213 0.00056 0.02727 0.11711 0.11772 0.05503 0.05061 0.09066 0.00420 0.00007 0.00000 0.04116 0.00000 0.00000 0.00000 0.00020 0.00003 0.00036 0.00000 0.00003 0.00000 0.00000 0.00003 0.00000 0.08012 0.00253 0.00000 0.00000 0.00000 0.02873 0.00432 0.19432 0.00151 0.00000 0.00130 0.04962 0.00040 0.00067 0.00201 0.00000 0.00000 0.00000 0.00027 0.00631 0.01433 0.00118 0.00004 0.00028 0.00000 0.00000
0.02776 0.00016 0.06531 0.00824 0.00443 0.00287 0.00142 0.04876 0.00304 0.00161 0.03695 0.01134 0.00076 0.01827 0.01951 0.00014 0.00000 0.00016 0.01778 0.00338 0.05515 0.00084 0.00000 0.01291 0.00463 0.01777 0.07586 0.00409 0.00179 0.00152 0.00100 0.00000 0.00237 0.00804 0.00144 0.00743 0.00013 0.00594 0.00051 0.00414 0.00000 0.00000 0.00077 0.00000 0.00040 0.00410 0.00103 0.02959 0.00467 0.00005 0.00382 0.00009 0.00026 0.00000 0.00546 0.00000 0.00000 0.00000 0.00123 0.01086 0.00707 0.00076 0.01838 0.00000 0.00000 0.00007 0.03016 0.00136 0.00468 0.00000 0.00010 0.00000 0.00051 0.00547 0.00066 0.00401 0.00016 0.00424 0.00065 0.00000
0.02603 0.00000 0.00099 0.00000 0.00007 0.00000 0.00000 0.01873 0.00020 0.00197 0.00091 0.01488 0.00000 0.00000 0.00036 0.00000 0.00000 0.00000 0.00000 0.00000 0.03734 0.00000 0.01291 0.00000 0.00000 0.00598 0.00009 0.00000 0.00000 0.00082 0.00000 0.00000 0.00070 0.00142 0.00382 0.00239 0.00000 0.00130 0.00018 0.02947 0.00000 0.00000 0.00000 0.00000 0.00000 0.00003 0.00000 0.00000 0.00000 0.00073 0.00000 0.00653 0.00000 0.00000 0.00000 0.00000 0.00000 0.00000 0.00000 0.00000 0.00000 0.00000 0.00000 0.00389 0.00003 0.00170 0.00000 0.00000 0.00000 0.00374 0.00000 0.00000 0.00000 0.00000 0.00011 0.00000 0.00000 0.00032 0.00000 0.00114
0.00000 0.06494 0.00053 0.00003 0.00815 0.02146 0.03075 0.00021 0.01805 0.01652 0.00282 0.00088 0.01654 0.00000 0.00036 0.02096 0.01749 0.02622 0.00180 0.00208 0.00035 0.01480 0.00463 0.00000 0.00000 0.03820 0.01022 0.00720 0.00221 0.00868 0.00146 0.00000 0.01120 0.06181 0.08156 0.02452 0.01517 0.00484 0.00007 0.00043 0.00028 0.01607 0.00000 0.00000 0.00000 0.00000 0.00000 0.00000 0.00004 0.00491 0.00000 0.00621 0.00000 0.00000 0.00000 0.01158 0.01784 0.02212 0.00000 0.00000 0.00000 0.00043 0.00003 0.00040 0.08796 0.05251 0.00034 0.00027 0.00000 0.00663 0.00000 0.00000 0.00013 0.00389 0.05854 0.00161 0.00000 0.00003 0.00000 0.00028
0.00763 0.02438 0.00176 0.00027 0.00155 0.00646 0.00294 0.00545 0.00914 0.00759 0.00313 0.01024 0.00308 0.00147 0.01817 0.05896 0.00323 0.01203 0.00107 0.00341 0.01164 0.05152 0.01777 0.00598 0.03820 0.00000 0.01443 0.01547 0.00092 0.00713 0.00141 0.00000 0.03908 0.13484 0.04375 0.05378 0.04309 0.02499 0.00042 0.00012 0.01364 0.04580 0.00000 0.00000 0.00000 0.00001 0.00000 0.00000 0.00003 0.00167 0.00000 0.00598 0.00000 0.00000 0.01218 0.00677 0.00638 0.00744 0.00000 0.00067 0.00812 0.03309 0.00011 0.00218 0.04489 0.09929 0.00008 0.00042 0.00000 0.00752 0.00000 0.00000 0.00023 0.01070 0.03046 0.00398 0.00003 0.00017 0.00000 0.00004
0.00038 0.01026 0.04219 0.00407 0.01948 0.10140 0.01401 0.01477 0.05999 0.00931 0.02113 0.00420 0.00874 0.01003 0.00497 0.00253 0.00238 0.00433 0.01823 0.07719 0.00327 0.01170 0.07586 0.00009 0.01022 0.01443 0.00000 0.03376 0.06612 0.00043 0.00995 0.00186 0.05320 0.07397 0.00993 0.09127 0.01079 0.03559 0.01489 0.00139 0.00000 0.00014 0.01158 0.00010 0.00251 0.01610 0.00568 0.08977 0.02215 0.00075 0.00975 0.00000 0.00304 0.00024 0.01010 0.00000 0.00000 0.00004 0.00918 0.01636 0.00905 0.00060 0.03707 0.00005 0.00015 0.00054 0.10370 0.00736 0.01917 0.00000 0.00122 0.00008 0.00260 0.01578 0.00140 0.01128 0.00127 0.01677 0.00432 0.00000
0.00000 0.00302 0.00338 0.00000 0.00119 0.03865 0.00524 0.00053 0.04233 0.04495 0.00371 0.00084 0.08044 0.00004 0.00024 0.01764 0.00732 0.01598 0.00609 0.01773 0.00000 0.02994 0.00409 0.00000 0.00720 0.01547 0.03376 0.00000 0.06254 0.00019 0.02332 0.03645 0.03774 0.00694 0.00524 0.02190 0.00033 0.00065 0.00048 0.00006 0.00000 0.00087 0.00000 0.00000 0.00000 0.00040 0.00000 0.00185 0.00003 0.00000 0.00000 0.00000 0.00000 0.00000 0.00042 0.00009 0.00015 0.00014 0.00000 0.00255 0.00000 0.00044 0.00220 0.00000 0.00061 0.00064 0.00527 0.00036 0.00272 0.00006 0.00000 0.00000 0.00003 0.00055 0.00108 0.00051 0.00000 0.00018 0.00000 0.00000
0.00000 0.00283 0.00000 0.00007 0.00005 0.04497 0.01044 0.00008 0.00019 0.00462 0.00000 0.00006 0.02223 0.00086 0.00018 0.01919 0.00226 0.01231 0.00000 0.07239 0.00027 0.01541 0.00179 0.00000 0.00221 0.00092 0.06612 0.06254 0.00000 0.00000 0.00221 0.00220 0.03486 0.02409 0.01440 0.02729 0.01198 0.00372 0.00088 0.00000 0.00000 0.00000 0.00007 0.00000 0.00008 0.00255 0.00048 0.00031 0.00004 0.00003 0.00000 0.00000 0.00101 0.00000 0.01149 0.00000 0.00000 0.00000 0.00000 0.02762 0.00005 0.00268 0.00973 0.00000 0.00000 0.00000 0.02461 0.00504 0.02654 0.00000 0.00000 0.00020 0.00032 0.00432 0.00083 0.00090 0.00000 0.00429 0.00025 0.00000
0.00000 0.00010 0.00000 0.00018 0.00000 0.00022 0.00025 0.00118 0.00411 0.00804 0.00071 0.01412 0.00015 0.00000 0.00000 0.00000 0.00174 0.00000 0.00078 0.00000 0.00066 0.00000 0.00152 0.00082 0.00868 0.00713 0.00043 0.00019 0.00000 0.00000 0.00000 0.00000 0.00309 0.01949 0.05944 0.01440 0.01509 0.00040 0.00000 0.00000 0.00000 0.00000 0.00000 0.00000 0.00000 0.00000 0.00000 0.00000 0.00000 0.00111 0.00000 0.00905 0.00000 0.00000 0.00000 0.00000 0.00250 0.00000 0.00000 0.00000 0.00000 0.00000 0.00000 0.00500 0.00292 0.00729 0.00000 0.00000 0.00000 0.00671 0.00000 0.00000 0.00000 0.00000 0.05206 0.00000 0.00000 0.00000 0.00000 0.00000
0.00000 0.00056 0.00133 0.01219 0.03879 0.00444 0.02331 0.00314 0.01780 0.01956 0.01486 0.00072 0.02883 0.01386 0.00000 0.00000 0.00000 0.00098 0.00659 0.00530 0.00000 0.00213 0.00100 0.00000 0.00146 0.00141 0.00995 0.02332 0.00221 0.00000 0.00000 0.00016 0.04254 0.03092 0.00486 0.02231 0.01007 0.03470 0.02899 0.00000 0.00000 0.00000 0.00000 0.00000 0.00000 0.00004 0.00000 0.00011 0.00000 0.00000 0.00000 0.00000 0.00000 0.00000 0.00000 0.00000 0.00000 0.00000 0.00000 0.00000 0.00000 0.00000 0.00000 0.00000 0.00000 0.00000 0.00183 0.00000 0.00000 0.00000 0.00000 0.00000 0.00000 0.00040 0.00014 0.00040 0.00000 0.00048 0.00000 0.00000
0.00000 0.00000 0.00000 0.00000 0.00000 0.00039 0.00000 0.00000 0.00000 0.00010 0.00000 0.00000 0.00005 0.00000 0.00000 0.00008 0.00000 0.00049 0.00000 0.00367 0.00000 0.00056 0.00000 0.00000 0.00000 0.00000 0.00186 0.03645 0.00220 0.00000 0.00016 0.00000 0.02094 0.00000 0.00000 0.00150 0.00000 0.00000 0.00000 0.00000 0.00000 0.00000 0.00000 0.00000 0.00000 0.00000 0.00000 0.00000 0.00000 0.00000 0.00000 0.00000 0.00000 0.00000 0.00000 0.00000 0.00000 0.00000 0.00000 0.00000 0.00000 0.00000 0.00000 0.00000 0.00000 0.00000 0.00000 0.00000 0.00000 0.00000 0.00000 0.00000 0.00000 0.00000 0.00000 0.00000 0.00000 0.00000 0.00000 0.00000
0.00037 0.00295 0.00290 0.00655 0.00247 0.01042 0.00537 0.00025 0.03529 0.08960 0.00865 0.03796 0.00852 0.00006 0.00320 0.02770 0.01374 0.04091 0.00730 0.04464 0.00005 0.02727 0.00237 0.00070 0.01120 0.03908 0.05320 0.03774 0.03486 0.00309 0.04254 0.02094 0.00000 0.00822 0.01114 0.13560 0.00871 0.00455 0.01281 0.00957 0.00014 0.00074 0.00000 0.00000 0.00000 0.00046 0.00006 0.00143 0.00000 0.00043 0.00000 0.00000 0.00004 0.00000 0.00026 0.00018 0.00000 0.00011 0.00000 0.00022 0.00000 0.00103 0.00125 0.00000 0.00046 0.00118 0.00382 0.00008 0.00018 0.00000 0.00000 0.00000 0.00006 0.00043 0.00019 0.00075 0.00006 0.00073 0.00000 0.00000
0.00022 0.00984 0.00510 0.01204 0.02072 0.01289 0.02619 0.00109 0.03231 0.03572 0.00760 0.01894 0.01249 0.00701 0.03250 0.00371 0.05721 0.05276 0.00690 0.09978 0.00014 0.11711 0.00804 0.00142 0.06181 0.13484 0.07397 0.00694 0.02409 0.01949 0.03092 0.00000 0.00822 0.00000 0.18679 0.20550 0.02665 0.16050 0.05917 0.01637 0.00060 0.00106 0.00239 0.00006 0.00104 0.00266 0.00107 0.00276 0.00408 0.00249 0.00183 0.00373 0.00037 0.00000 0.00635 0.00005 0.00414 0.00063 0.00217 0.00732 0.00007 0.01215 0.00414 0.00047 0.00512 0.00712 0.01438 0.00030 0.00467 0.00206 0.00055 0.00000 0.00029 0.02695 0.01033 0.00735 0.00197 0.01354 0.00469 0.00112
0.00076 0.09924 0.00020 0.00081 0.00625 0.00402 0.00709 0.00041 0.01282 0.04573 0.00318 0.06073 0.00238 0.00092 0.01329 0.05970 0.06960 0.05783 0.00259 0.06087 0.00021 0.11772 0.00144 0.00382 0.08156 0.04375 0.00993 0.00524 0.01440 0.05944 0.00486 0.00000 0.01114 0.18679 0.00000 0.04871 0.02965 0.04633 0.00408 0.03127 0.00000 0.05597 0.00000 0.00000 0.00000 0.00000 0.00000 0.00000 0.00004 0.05066 0.00000 0.06845 0.00000 0.00000 0.02785 0.02291 0.03920 0.04487 0.00000 0.00642 0.00009 0.03093 0.00041 0.00230 0.07241 0.04047 0.00086 0.00099 0.00139 0.11025 0.00000 0.00000 0.00039 0.00120 0.09620 0.00137 0.00000 0.00021 0.00000 0.00771
0.00032 0.00911 0.00828 0.00292 0.00761 0.02959 0.00824 0.00117 0.08593 0.03398 0.01523 0.04052 0.00809 0.00502 0.01228 0.00309 0.01878 0.02677 0.01763 0.09858 0.00036 0.05503 0.00743 0.00239 0.02452 0.05378 0.09127 0.02190 0.02729 0.01440 0.02231 0.00150 0.13560 0.20550 0.04871 0.00000 0.31568 0.11170 0.02727 0.02960 0.00042 0.00120 0.00088 0.00000 0.00129 0.00204 0.00229 0.00557 0.00294 0.00230 0.00137 0.00304 0.00067 0.00008 0.00046 0.00077 0.00000 0.00098 0.00109 0.00013 0.00000 0.00103 0.00491 0.00048 0.00152 0.00272 0.01065 0.00034 0.00041 0.00010 0.00065 0.00000 0.00201 0.00494 0.00113 0.01351 0.00898 0.00876 0.00261 0.00000
0.00000 0.00839 0.00000 0.00000 0.00037 0.00381 0.00249 0.00000 0.00425 0.02762 0.00043 0.00646 0.00037 0.00046 0.00216 0.00154 0.01699 0.02053 0.00000 0.06229 0.00000 0.05061 0.00013 0.00000 0.01517 0.04309 0.01079 0.00033 0.01198 0.01509 0.01007 0.00000 0.00871 0.02665 0.02965 0.31568 0.00000 0.06183 0.00631 0.00000 0.00000 0.00000 0.00000 0.00000 0.00014 0.00008 0.00050 0.00000 0.00071 0.00014 0.00000 0.00011 0.00000 0.00000 0.00000 0.00000 0.00000 0.00000 0.00027 0.00000 0.00000 0.00007 0.00000 0.00019 0.00000 0.00020 0.00055 0.00000 0.00000 0.00000 0.00000 0.00000 0.00023 0.00007 0.00000 0.00587 0.00580 0.00259 0.00000 0.00000
0.00000 0.00280 0.01032 0.07083 0.03146 0.00691 0.01729 0.01878 0.02767 0.00611 0.02205 0.01525 0.00322 0.05348 0.01284 0.00000 0.00000 0.00019 0.01852 0.05945 0.00007 0.09066 0.00594 0.00130 0.00484 0.02499 0.03559 0.00065 0.00372 0.00040 0.03470 0.00000 0.00455 0.16050 0.04633 0.11170 0.06183 0.00000 0.10570 0.00900 0.00000 0.00000 0.02008 0.00050 0.00160 0.00242 0.00058 0.00987 0.01606 0.00085 0.01141 0.00103 0.00014 0.00012 0.00059 0.00000 0.00000 0.00000 0.01715 0.00098 0.00000 0.00043 0.00656 0.00000 0.00003 0.00005 0.02338 0.00000 0.00104 0.00000 0.00000 0.00000 0.00031 0.00602 0.00000 0.00371 0.00092 0.02093 0.00086 0.00000
0.00000 0.00038 0.00122 0.01150 0.00397 0.00493 0.00149 0.00169 0.01065 0.00348 0.00204 0.00990 0.00000 0.00260 0.00017 0.00000 0.00000 0.00000 0.00387 0.00519 0.00000 0.00420 0.00051 0.00018 0.00007 0.00042 0.01489 0.00048 0.00088 0.00000 0.02899 0.00000 0.01281 0.05917 0.00408 0.02727 0.00631 0.10570 0.00000 0.00188 0.00000 0.00000 0.00015 0.00000 0.00000 0.00024 0.00017 0.00036 0.00027 0.00006 0.00000 0.00023 0.00000 0.00000 0.00000 0.00000 0.00000 0.00000 0.00000 0.00000 0.00000 0.00000 0.00015 0.00000 0.00000 0.00000 0.00233 0.00000 0.00000 0.00000 0.00000 0.00000 0.00075 0.00113 0.00000 0.00202 0.00049 0.00156 0.00000 0.00000
0.01622 0.00000 0.00000 0.00000 0.00048 0.00019 0.00061 0.00690 0.00345 0.00342 0.00055 0.01848 0.00013 0.00000 0.00000 0.00000 0.00000 0.00020 0.00000 0.00000 0.01498 0.00007 0.00414 0.02947 0.00043 0.00012 0.00139 0.00006 0.00000 0.00000 0.00000 0.00000 0.00957 0.01637 0.03127 0.02960 0.00000 0.00900 0.00188 0.00000 0.00017 0.00000 0.00000 0.00000 0.00000 0.00004 0.00000 0.00000 0.00000 0.00071 0.00000 0.00378 0.00000 0.00000 0.00000 0.00000 0.00000 0.00000 0.00000 0.00000 0.00000 0.00003 0.00000 0.00189 0.00039 0.00013 0.00022 0.00000 0.00000 0.00000 0.00000 0.00000 0.00011 0.00000 0.00782 0.00000 0.00000 0.00058 0.00000 0.00000
0.00453 0.00018 0.00000 0.00000 0.00000 0.00000 0.00000 0.00000 0.00000 0.00000 0.00000 0.00000 0.00000 0.00000 0.00000 0.00037 0.00000 0.00013 0.00000 0.00000 0.00069 0.00000 0.00000 0.00000 0.00028 0.01364 0.00000 0.00000 0.00000 0.00000 0.00000 0.00000 0.00014 0.00060 0.00000 0.00042 0.00000 0.00000 0.00000 0.00017 0.00000 0.00000 0.00611 0.00000 0.00008 0.00000 0.00000 0.06836 0.00000 0.00054 0.00537 0.00921 0.00000 0.00221 0.00336 0.00017 0.00000 0.00000 0.00014 0.00000 0.07210 0.00005 0.04695 0.03540 0.00017 0.01329 0.00080 0.00000 0.00000 0.00000 0.00000 0.00000 0.00005 0.00113 0.00000 0.00008 0.00000 0.00000 0.00000 0.00281
0.00000 0.11974 0.00000 0.00000 0.00000 0.00000 0.00004 0.00000 0.00000 0.00000 0.00000 0.00000 0.00000 0.00000 0.00032 0.02417 0.00000 0.00098 0.00000 0.00096 0.00022 0.04116 0.00000 0.00000 0.01607 0.04580 0.00014 0.00087 0.00000 0.00000 0.00000 0.00000 0.00074 0.00106 0.05597 0.00120 0.00000 0.00000 0.00000 0.00000 0.00000 0.00000 0.00000 0.00000 0.00433 0.03642 0.01905 0.00000 0.00479 0.00004 0.00000 0.00000 0.00885 0.00000 0.00008 0.03903 0.00017 0.00111 0.00000 0.00495 0.00000 0.05483 0.00016 0.00000 0.04849 0.01873 0.01536 0.00234 0.00051 0.00028 0.00042 0.00000 0.00130 0.01574 0.06480 0.00967 0.00326 0.00014 0.00000 0.00000
0.00000 0.00000 0.00282 0.00000 0.00054 0.00020 0.00020 0.01598 0.00676 0.00000 0.00155 0.00000 0.00000 0.00000 0.00000 0.00000 0.00000 0.00000 0.00170 0.00000 0.00000 0.00000 0.00077 0.00000 0.00000 0.00000 0.01158 0.00000 0.00007 0.00000 0.00000 0.00000 0.00000 0.00239 0.00000 0.00088 0.00000 0.02008 0.00015 0.00000 0.00611 0.00000 0.00000 0.00162 0.00254 0.00024 0.00139 0.04045 0.02708 0.00167 0.05632 0.00190 0.00196 0.01091 0.00000 0.00000 0.00097 0.00056 0.11520 0.00000 0.00273 0.00000 0.05183 0.00324 0.00058 0.00270 0.05391 0.01109 0.00000 0.00018 0.00323 0.00000 0.00479 0.00748 0.00154 0.01825 0.00060 0.01089 0.00699 0.00000
0.00000 0.00000 0.00000 0.00000 0.00000 0.00000 0.00000 0.00000 0.00012 0.00000 0.00000 0.00000 0.00000 0.00000 0.00000 0.00000 0.00000 0.00000 0.00000 0.00000 0.00000 0.00000 0.00000 0.00000 0.00000 0.00000 0.00010 0.00000 0.00000 0.00000 0.00000 0.00000 0.00000 0.00006 0.00000 0.00000 0.00000 0.00050 0.00000 0.00000 0.00000 0.00000 0.00162 0.00000 0.05118 0.00032 0.00271 0.05003 0.00284 0.01039 0.01539 0.00199 0.00000 0.15700 0.00000 0.00000 0.00000 0.00000 0.00130 0.00035 0.00135 0.00004 0.00923 0.00000 0.00000 0.00023 0.00368 0.00010 0.00000 0.00000 0.01313 0.00000 0.00634 0.00871 0.00049 0.00082 0.00000 0.05444 0.01443 0.00000
0.00000 0.00000 0.00008 0.00000 0.00000 0.00021 0.00019 0.00023 0.00115 0.00000 0.00004 0.00000 0.00002 0.00000 0.00000 0.00000 0.00000 0.00000 0.00000 0.00002 0.00000 0.00000 0.00040 0.00000 0.00000 0.00000 0.00251 0.00000 0.00008 0.00000 0.00000 0.00000 0.00000 0.00104 0.00000 0.00129 0.00014 0.00160 0.00000 0.00000 0.00008 0.00433 0.00254 0.05118 0.00000 0.01400 0.14932 0.00789 0.09683 0.00660 0.05484 0.00317 0.00880 0.04972 0.00000 0.00017 0.00105 0.00019 0.00621 0.00015 0.00000 0.00022 0.00298 0.00023 0.00527 0.00215 0.02723 0.00235 0.00002 0.00084 0.04124 0.00000 0.00301 0.01359 0.00674 0.01185 0.00179 0.03433 0.01538 0.00066
0.00000 0.00007 0.00047 0.00000 0.00097 0.00367 0.00168 0.00132 0.00458 0.00024 0.00004 0.00014 0.00038 0.00000 0.00000 0.00000 0.00000 0.00000 0.00004 0.00011 0.00000 0.00020 0.00410 0.00003 0.00000 0.00001 0.01610 0.00040 0.00255 0.00000 0.00004 0.00000 0.00046 0.00266 0.00000 0.00204 0.00008 0.00242 0.00024 0.00004 0.00000 0.03642 0.00024 0.00032 0.01400 0.00000 0.05567 0.00114 0.03493 0.00495 0.00006 0.00053 0.07686 0.00115 0.00043 0.01091 0.00691 0.01141 0.00000 0.00624 0.00004 0.00887 0.00435 0.00000 0.02258 0.00700 0.09710 0.03513 0.05638 0.00105 0.00305 0.00013 0.00684 0.01102 0.00328 0.02777 0.00339 0.00413 0.00499 0.00024
0.00000 0.00004 0.00000 0.00000 0.00003 0.00041 0.00049 0.00009 0.00109 0.00000 0.00000 0.00000 0.00005 0.00000 0.00000 0.00000 0.00000 0.00000 0.00000 0.00015 0.00000 0.00003 0.00103 0.00000 0.00000 0.00000 0.00568 0.00000 0.00048 0.00000 0.00000 0.00000 0.00006 0.00107 0.00000 0.00229 0.00050 0.00058 0.00017 0.00000 0.00000 0.01905 0.00139 0.00271 0.14932 0.05567 0.00000 0.00228 0.06458 0.01016 0.02168 0.00490 0.08763 0.01035 0.00000 0.00249 0.00280 0.00267 0.00764 0.00038 0.00000 0.00176 0.00226 0.00020 0.01794 0.00315 0.01291 0.00289 0.00233 0.00184 0.02553 0.00000 0.00207 0.02235 0.00800 0.01281 0.00377 0.02794 0.00622 0.00144
0.00000 0.00000 0.02454 0.00000 0.00055 0.00413 0.00093 0.05752 0.02602 0.00005 0.00509 0.00000 0.00019 0.00043 0.00227 0.00000 0.00000 0.00000 0.01698 0.00203 0.00013 0.00036 0.02959 0.00000 0.00000 0.00000 0.08977 0.00185 0.00031 0.00000 0.00011 0.00000 0.00143 0.00276 0.00000 0.00557 0.00000 0.00987 0.00036 0.00000 0.06836 0.00000 0.04045 0.05003 0.00789 0.00114 0.00228 0.00000 0.00927 0.00088 0.02708 0.02233 0.00053 0.04324 0.00360 0.00000 0.00000 0.00000 0.03047 0.00020 0.04575 0.00004 0.05862 0.05801 0.00019 0.00570 0.03415 0.00254 0.00068 0.00024 0.00628 0.00000 0.00075 0.00597 0.00095 0.00391 0.00000 0.02169 0.00408 0.00028
0.00000 0.00000 0.00286 0.00005 0.00124 0.00238 0.00073 0.01185 0.02166 0.00004 0.00319 0.00000 0.00000 0.00000 0.00000 0.00000 0.00000 0.00000 0.00237 0.00000 0.00000 0.00000 0.00467 0.00000 0.00004 0.00003 0.02215 0.00003 0.00004 0.00000 0.00000 0.00000 0.00000 0.00408 0.00004 0.00294 0.00071 0.01606 0.00027 0.00000 0.00000 0.00479 0.02708 0.00284 0.09683 0.03493 0.06458 0.00927 0.00000 0.01376 0.04130 0.00440 0.04014 0.00875 0.00002 0.00051 0.00747 0.00584 0.06666 0.00017 0.00000 0.00048 0.00777 0.00011 0.01138 0.00968 0.06791 0.03846 0.00009 0.00412 0.01427 0.00000 0.01637 0.01859 0.01396 0.08826 0.00621 0.01928 0.01494 0.00292
0.00000 0.00000 0.00000 0.00006 0.00000 0.00003 0.00000 0.00000 0.00003 0.00301 0.00000 0.00059 0.00000 0.00000 0.00000 0.00006 0.00088 0.00071 0.00000 0.00000 0.00000 0.00003 0.00005 0.00073 0.00491 0.00167 0.00075 0.00000 0.00003 0.00111 0.00000 0.00000 0.00043 0.00249 0.05066 0.00230 0.00014 0.00085 0.00006 0.00071 0.00054 0.00004 0.00167 0.01039 0.00660 0.00495 0.01016 0.00088 0.01376 0.00000 0.00876 0.03894 0.01201 0.00036 0.00000 0.00428 0.06780 0.01549 0.00531 0.00407 0.00058 0.00105 0.00102 0.00232 0.01398 0.00285 0.00594 0.03086 0.00451 0.01286 0.01266 0.00000 0.06448 0.01703 0.02254 0.03057 0.01211 0.01188 0.01164 0.00531
0.00000 0.00000 0.00106 0.00008 0.00027 0.00028 0.00004 0.00505 0.00549 0.00000 0.00065 0.00000 0.00000 0.00000 0.00000 0.00000 0.00000 0.00000 0.00078 0.00000 0.00000 0.00000 0.00382 0.00000 0.00000 0.00000 0.00975 0.00000 0.00000 0.00000 0.00000 0.00000 0.00000 0.00183 0.00000 0.00137 0.00000 0.01141 0.00000 0.00000 0.00537 0.00000 0.05632 0.01539 0.05484 0.00006 0.02168 0.02708 0.04130 0.00876 0.00000 0.00505 0.00919 0.05731 0.00000 0.00000 0.00441 0.00146 0.10213 0.00000 0.00265 0.00000 0.04127 0.00319 0.00522 0.00460 0.03258 0.00621 0.00000 0.00323 0.01341 0.00000 0.00841 0.00357 0.01062 0.03522 0.00093 0.03019 0.00783 0.00211
0.00000 0.00000 0.00000 0.00000 0.00000 0.00000 0.00000 0.00000 0.00000 0.00254 0.00000 0.00525 0.00000 0.00000 0.00000 0.00000 0.00068 0.00019 0.00000 0.00000 0.00006 0.00000 0.00009 0.00653 0.00621 0.00598 0.00000 0.00000 0.00000 0.00905 0.00000 0.00000 0.00000 0.00373 0.06845 0.00304 0.00011 0.00103 0.00023 0.00378 0.00921 0.00000 0.00190 0.00199 0.00317 0.00053 0.00490 0.02233 0.00440 0.03894 0.00505 0.00000 0.00363 0.00000 0.00279 0.00000 0.00016 0.00000 0.00149 0.00000 0.02103 0.00003 0.01898 0.02426 0.00063 0.03657 0.00290 0.00227 0.00000 0.03020 0.00164 0.00000 0.03569 0.01749 0.06888 0.02297 0.00866 0.01242 0.00333 0.04145
0.00000 0.00000 0.00000 0.00000 0.00000 0.00010 0.00006 0.00004 0.00002 0.00000 0.00000 0.00000 0.00003 0.00000 0.00000 0.00000 0.00000 0.00000 0.00000 0.00027 0.00000 0.00003 0.00026 0.00000 0.00000 0.00000 0.00304 0.00000 0.00101 0.00000 0.00000 0.00000 0.00004 0.00037 0.00000 0.00067 0.00000 0.00014 0.00000 0.00000 0.00000 0.00885 0.00196 0.00000 0.00880 0.07686 0.08763 0.00053 0.04014 0.01201 0.00919 0.00363 0.00000 0.00135 0.00000 0.00276 0.00368 0.00513 0.00760 0.00069 0.00000 0.00123 0.00116 0.00000 0.01576 0.00218 0.00767 0.07177 0.01197 0.00146 0.02272 0.00000 0.00451 0.01473 0.00364 0.01691 0.00095 0.01375 0.00238 0.00056
0.00000 0.00000 0.00020 0.00000 0.00000 0.00000 0.00000 0.00030 0.00016 0.00000 0.00000 0.00000 0.00000 0.00000 0.00000 0.00000 0.00000 0.00000 0.00000 0.00000 0.00000 0.00000 0.00000 0.00000 0.00000 0.00000 0.00024 0.00000 0.00000 0.00000 0.00000 0.00000 0.00000 0.00000 0.00000 0.00008 0.00000 0.00012 0.00000 0.00000 0.00221 0.00000 0.01091 0.15700 0.04972 0.00115 0.01035 0.04324 0.00875 0.00036 0.05731 0.00000 0.00135 0.00000 0.00000 0.00000 0.00000 0.00000 0.00591 0.00006 0.00122 0.00004 0.01877 0.00000 0.00000 0.00116 0.00773 0.00000 0.00000 0.00000 0.02138 0.00000 0.00017 0.00208 0.00036 0.00035 0.00000 0.03658 0.00633 0.00000
0.00000 0.00000 0.00000 0.00000 0.00000 0.00000 0.00000 0.00357 0.00000 0.00000 0.00000 0.00000 0.00000 0.00000 0.05462 0.00000 0.00000 0.00000 0.00000 0.04944 0.02140 0.08012 0.00546 0.00000 0.00000 0.01218 0.01010 0.00042 0.01149 0.00000 0.00000 0.00000 0.00026 0.00635 0.02785 0.00046 0.00000 0.00059 0.00000 0.00000 0.00336 0.00008 0.00000 0.00000 0.00000 0.00043 0.00000 0.00360 0.00002 0.00000 0.00000 0.00279 0.00000 0.00000 0.00000 0.00006 0.00000 0.00006 0.00000 0.01825 0.06156 0.02805 0.03480 0.00122 0.00059 0.03411 0.01605 0.00046 0.00098 0.00032 0.00000 0.00000 0.00283 0.06120 0.03799 0.01972 0.00412 0.01628 0.00034 0.00000
0.00000 0.02872 0.00000 0.00000 0.00000 0.00000 0.00000 0.00000 0.00000 0.00000 0.00000 0.00000 0.00000 0.00000 0.00000 0.01550 0.00000 0.00249 0.00000 0.00000 0.00000 0.00253 0.00000 0.00000 0.01158 0.00677 0.00000 0.00009 0.00000 0.00000 0.00000 0.00000 0.00018 0.00005 0.02291 0.00077 0.00000 0.00000 0.00000 0.00000 0.00017 0.03903 0.00000 0.00000 0.00017 0.01091 0.00249 0.00000 0.00051 0.00428 0.00000 0.00000 0.00276 0.00000 0.00006 0.00000 0.00551 0.06915 0.00000 0.00633 0.00000 0.04666 0.00012 0.00000 0.01343 0.05545 0.00529 0.01109 0.01044 0.00000 0.00000 0.00078 0.02884 0.00485 0.06172 0.00808 0.00032 0.00000 0.00000 0.00000
0.00000 0.00021 0.00000 0.00000 0.00000 0.00000 0.00000 0.00000 0.00000 0.00104 0.00000 0.00011 0.00000 0.00000 0.00000 0.00057 0.01607 0.01260 0.00000 0.00000 0.00000 0.00000 0.00000 0.00000 0.01784 0.00638 0.00000 0.00015 0.00000 0.00250 0.00000 0.00000 0.00000 0.00414 0.03920 0.00000 0.00000 0.00000 0.00000 0.00000 0.00000 0.00017 0.00097 0.00000 0.00105 0.00691 0.00280 0.00000 0.00747 0.06780 0.00441 0.00016 0.00368 0.00000 0.00000 0.00551 0.00000 0.03375 0.00356 0.00201 0.00000 0.00149 0.00011 0.00000 0.01708 0.00370 0.00446 0.00537 0.00420 0.00162 0.00000 0.00000 0.01288 0.07210 0.08296 0.03336 0.01663 0.00396 0.00041 0.00000
0.00000 0.00421 0.00000 0.00000 0.00000 0.00000 0.00000 0.00000 0.00000 0.00000 0.00000 0.00000 0.00000 0.00000 0.00000 0.01210 0.00280 0.01615 0.00000 0.00000 0.00000 0.00000 0.00000 0.00000 0.02212 0.00744 0.00004 0.00014 0.00000 0.00000 0.00000 0.00000 0.00011 0.00063 0.04487 0.00098 0.00000 0.00000 0.00000 0.00000 0.00000 0.00111 0.00056 0.00000 0.00019 0.01141 0.00267 0.00000 0.00584 0.01549 0.00146 0.00000 0.00513 0.00000 0.00006 0.06915 0.03375 0.00000 0.00181 0.00686 0.00000 0.00688 0.00033 0.00000 0.02037 0.01274 0.00618 0.00619 0.01049 0.00000 0.00000 0.00000 0.02514 0.04260 0.06033 0.03550 0.01044 0.00148 0.00000 0.00019
0.00000 0.00000 0.00170 0.00000 0.00030 0.00020 0.00012 0.01579 0.00553 0.00000 0.00132 0.00000 0.00000 0.00000 0.00000 0.00000 0.00000 0.00000 0.00076 0.00000 0.00000 0.00000 0.00123 0.00000 0.00000 0.00000 0.00918 0.00000 0.00000 0.00000 0.00000 0.00000 0.00000 0.00217 0.00000 0.00109 0.00027 0.01715 0.00000 0.00000 0.00014 0.00000 0.11520 0.00130 0.00621 0.00000 0.00764 0.03047 0.06666 0.00531 0.10213 0.00149 0.00760 0.00591 0.00000 0.00000 0.00356 0.00181 0.00000 0.00000 0.00000 0.00000 0.01696 0.00000 0.00301 0.00225 0.02221 0.01313 0.00000 0.00285 0.01009 0.00000 0.00830 0.00580 0.00834 0.04187 0.00190 0.02355 0.01418 0.00166
0.00000 0.00011 0.00000 0.00000 0.00000 0.00000 0.00018 0.00049 0.00000 0.00000 0.00000 0.00000 0.00006 0.00000 0.03294 0.00000 0.00000 0.00005 0.00000 0.07706 0.00069 0.02873 0.01086 0.00000 0.00000 0.00067 0.01636 0.00255 0.02762 0.00000 0.00000 0.00000 0.00022 0.00732 0.00642 0.00013 0.00000 0.00098 0.00000 0.00000 0.00000 0.00495 0.00000 0.00035 0.00015 0.00624 0.00038 0.00020 0.00017 0.00407 0.00000 0.00000 0.00069 0.00006 0.01825 0.00633 0.00201 0.00686 0.00000 0.00000 0.00132 0.10810 0.00585 0.00000 0.00193 0.00422 0.04436 0.02939 0.08388 0.00000 0.00539 0.00563 0.04144 0.11762 0.04462 0.12909 0.03579 0.04262 0.00354 0.00000
0.00000 0.00014 0.00000 0.00000 0.00000 0.00000 0.00000 0.00065 0.00000 0.00000 0.00000 0.00000 0.00000 0.00000 0.05955 0.00000 0.00000 0.00000 0.00000 0.00170 0.00641 0.00432 0.00707 0.00000 0.00000 0.00812 0.00905 0.00000 0.00005 0.00000 0.00000 0.00000 0.00000 0.00007 0.00009 0.00000 0.00000 0.00000 0.00000 0.00000 0.07210 0.00000 0.00273 0.00135 0.00000 0.00004 0.00000 0.04575 0.00000 0.00058 0.00265 0.02103 0.00000 0.00122 0.06156 0.00000 0.00000 0.00000 0.00000 0.00132 0.00000 0.00154 0.05904 0.06148 0.00020 0.01842 0.00488 0.00035 0.00023 0.00076 0.00015 0.00000 0.00000 0.00051 0.00053 0.00022 0.00000 0.00011 0.00000 0.00039
0.00000 0.01645 0.00000 0.00000 0.00000 0.00031 0.00005 0.00004 0.00000 0.00000 0.00000 0.00000 0.00000 0.00000 0.06121 0.00091 0.00000 0.00000 0.00000 0.04292 0.00236 0.19432 0.00076 0.00000 0.00043 0.03309 0.00060 0.00044 0.00268 0.00000 0.00000 0.00000 0.00103 0.01215 0.03093 0.00103 0.00007 0.00043 0.00000 0.00003 0.00005 0.05483 0.00000 0.00004 0.00022 0.00887 0.00176 0.00004 0.00048 0.00105 0.00000 0.00003 0.00123 0.00004 0.02805 0.04666 0.00149 0.00688 0.00000 0.10810 0.00154 0.00000 0.00080 0.00000 0.01516 0.03562 0.01099 0.02472 0.01354 0.00008 0.00170 0.00050 0.01740 0.18424 0.05912 0.05757 0.02758 0.05093 0.00128 0.00000
